role,company,location,time,link,Domain,scraped
Data Analyst Bootcamp,Lejhro Bootcamp,India,1 hour ago,https://in.linkedin.com/jobs/view/data-analyst-bootcamp-at-lejhro-bootcamp-3283302374?refId=9ynB6M3VQ7dLUkOhieJNVQ%3D%3D&trackingId=0myr%2BN7q9W6SXdDNGs6egw%3D%3D&position=1&pageNum=0&trk=public_jobs_jserp-result_search-card,DA,30-09-2022_10:32:05
Data Analyst,Just Deliveries,"Mumbai, Maharashtra, India",3 minutes ago,https://in.linkedin.com/jobs/view/data-analyst-at-just-deliveries-3295328366?refId=9ynB6M3VQ7dLUkOhieJNVQ%3D%3D&trackingId=aHsV4G81rbQmlMxmR36E5w%3D%3D&position=2&pageNum=0&trk=public_jobs_jserp-result_search-card,DA,30-09-2022_10:32:05
Data Analyst,WhiteCrow Research,"Delhi, India",11 hours ago,https://in.linkedin.com/jobs/view/data-analyst-at-whitecrow-research-3291320355?refId=9ynB6M3VQ7dLUkOhieJNVQ%3D%3D&trackingId=PJR9DZgZeoUX%2BQnFSkDTHw%3D%3D&position=3&pageNum=0&trk=public_jobs_jserp-result_search-card,DA,30-09-2022_10:32:05
"Data Analyst - Bangalore, KA",Optum,"Bengaluru, Karnataka, India",1 hour ago,https://in.linkedin.com/jobs/view/data-analyst-bangalore-ka-at-optum-3295306528?refId=9ynB6M3VQ7dLUkOhieJNVQ%3D%3D&trackingId=est1c%2F9%2BbeqHRQA%2Fj0SQgQ%3D%3D&position=4&pageNum=0&trk=public_jobs_jserp-result_search-card,DA,30-09-2022_10:32:05
Analyst-Data Science,American Express,"Gurgaon, Haryana, India",12 hours ago,https://in.linkedin.com/jobs/view/analyst-data-science-at-american-express-3281782351?refId=9ynB6M3VQ7dLUkOhieJNVQ%3D%3D&trackingId=DyuYjNzwYwbd0ki11j5DSA%3D%3D&position=5&pageNum=0&trk=public_jobs_jserp-result_search-card,DA,30-09-2022_10:32:05
Data Analyst,Feathersoft,"Kochi, Kerala, India",12 hours ago,https://in.linkedin.com/jobs/view/data-analyst-at-feathersoft-3290791946?refId=9ynB6M3VQ7dLUkOhieJNVQ%3D%3D&trackingId=uPMR7u8ADtktVFbGMGWBSw%3D%3D&position=6&pageNum=0&trk=public_jobs_jserp-result_search-card,DA,30-09-2022_10:32:05
Data Analyst,Feathersoft,"Chalakkudy, Kerala, India",12 hours ago,https://in.linkedin.com/jobs/view/data-analyst-at-feathersoft-3290791956?refId=9ynB6M3VQ7dLUkOhieJNVQ%3D%3D&trackingId=94jTKU5NgD2wgPCmw1y2%2BQ%3D%3D&position=7&pageNum=0&trk=public_jobs_jserp-result_search-card,DA,30-09-2022_10:32:05
Data Analyst,Prometric,"Gurugram, Haryana, India",21 hours ago,https://in.linkedin.com/jobs/view/data-analyst-at-prometric-3293938011?refId=9ynB6M3VQ7dLUkOhieJNVQ%3D%3D&trackingId=%2F%2FEdd1BpcVBVc0lHLzRJ4A%3D%3D&position=8&pageNum=0&trk=public_jobs_jserp-result_search-card,DA,30-09-2022_10:32:05
Business Data Analyst,peel-works,"Bengaluru, Karnataka, India",15 hours ago,https://in.linkedin.com/jobs/view/business-data-analyst-at-peel-works-3290700241?refId=9ynB6M3VQ7dLUkOhieJNVQ%3D%3D&trackingId=YcZUrkFyBlo2%2BFvWbtnfKA%3D%3D&position=10&pageNum=0&trk=public_jobs_jserp-result_search-card,DA,30-09-2022_10:32:05
SQL (Data Analyst),Giant Eagle GCC,"Bengaluru, Karnataka, India",11 hours ago,https://in.linkedin.com/jobs/view/sql-data-analyst-at-giant-eagle-gcc-3291320248?refId=9ynB6M3VQ7dLUkOhieJNVQ%3D%3D&trackingId=Ssypm2nT8ws%2Bzblg6vZ56w%3D%3D&position=11&pageNum=0&trk=public_jobs_jserp-result_search-card,DA,30-09-2022_10:32:05
Data Analyst(Oracle Pl/SQL),GFL Recruitment Private Limited,"Bengaluru, Karnataka, India",11 hours ago,https://in.linkedin.com/jobs/view/data-analyst-oracle-pl-sql-at-gfl-recruitment-private-limited-3291321850?refId=9ynB6M3VQ7dLUkOhieJNVQ%3D%3D&trackingId=moq6UrkdYQm3SS0jORbeTw%3D%3D&position=12&pageNum=0&trk=public_jobs_jserp-result_search-card,DA,30-09-2022_10:32:05
Data Analyst,Haleon,"Bengaluru, Karnataka, India",22 hours ago,https://in.linkedin.com/jobs/view/data-analyst-at-haleon-3293905011?refId=9ynB6M3VQ7dLUkOhieJNVQ%3D%3D&trackingId=%2BjEWRg3L40sE5Xh3mzgwlQ%3D%3D&position=13&pageNum=0&trk=public_jobs_jserp-result_search-card,DA,30-09-2022_10:32:05
Data Analyst,Exponentia.ai,"Bandra, Maharashtra, India",7 hours ago,https://in.linkedin.com/jobs/view/data-analyst-at-exponentia-ai-3295094213?refId=9ynB6M3VQ7dLUkOhieJNVQ%3D%3D&trackingId=4Z4gVg1Fivp8jJwomwln0Q%3D%3D&position=14&pageNum=0&trk=public_jobs_jserp-result_search-card,DA,30-09-2022_10:32:05
Data analyst,Miric Biotech Limited,"Bengaluru, Karnataka, India",11 hours ago,https://in.linkedin.com/jobs/view/data-analyst-at-miric-biotech-limited-3291326447?refId=9ynB6M3VQ7dLUkOhieJNVQ%3D%3D&trackingId=uOUwtsoIH%2BVeHyFOB9FxMw%3D%3D&position=15&pageNum=0&trk=public_jobs_jserp-result_search-card,DA,30-09-2022_10:32:05
Data Analyst (SQL),Giant Eagle GCC,"Bengaluru, Karnataka, India",11 hours ago,https://in.linkedin.com/jobs/view/data-analyst-sql-at-giant-eagle-gcc-3291320245?refId=9ynB6M3VQ7dLUkOhieJNVQ%3D%3D&trackingId=CGvwvvCF9oLTfk791khTcQ%3D%3D&position=16&pageNum=0&trk=public_jobs_jserp-result_search-card,DA,30-09-2022_10:32:05
Data Analyst - SQL & Python,Giant Eagle GCC,"Bengaluru, Karnataka, India",11 hours ago,https://in.linkedin.com/jobs/view/data-analyst-sql-python-at-giant-eagle-gcc-3291317864?refId=9ynB6M3VQ7dLUkOhieJNVQ%3D%3D&trackingId=dqbxJAXy17wHz%2FMxx576Bg%3D%3D&position=17&pageNum=0&trk=public_jobs_jserp-result_search-card,DA,30-09-2022_10:32:05
Data Engineer Fresher,Audi India,"New Delhi, Delhi, India",9 hours ago,https://in.linkedin.com/jobs/view/data-engineer-fresher-at-audi-india-3282231323?refId=9ynB6M3VQ7dLUkOhieJNVQ%3D%3D&trackingId=GJZHrcnCS%2BsYxiUfDP%2BHYg%3D%3D&position=18&pageNum=0&trk=public_jobs_jserp-result_search-card,DA,30-09-2022_10:32:05
"Data Analyst - Hyderabad, TG - VBA, Access, SQL, Tableau",Optum,"Hyderabad, Telangana, India",12 hours ago,https://in.linkedin.com/jobs/view/data-analyst-hyderabad-tg-vba-access-sql-tableau-at-optum-3294744420?refId=9ynB6M3VQ7dLUkOhieJNVQ%3D%3D&trackingId=kJuKebGdAjB96oEG0DXR6Q%3D%3D&position=19&pageNum=0&trk=public_jobs_jserp-result_search-card,DA,30-09-2022_10:32:05
Data analyst,Miric Biotech Limited,"New Delhi, Delhi, India",11 hours ago,https://in.linkedin.com/jobs/view/data-analyst-at-miric-biotech-limited-3291320854?refId=9ynB6M3VQ7dLUkOhieJNVQ%3D%3D&trackingId=gMPTlrMdDyAfajd5Vvn2%2Bw%3D%3D&position=20&pageNum=0&trk=public_jobs_jserp-result_search-card,DA,30-09-2022_10:32:05
Analyst - Data Visualization,Accenture in India,"Bengaluru, Karnataka, India",1 hour ago,https://in.linkedin.com/jobs/view/analyst-data-visualization-at-accenture-in-india-3295195590?refId=9ynB6M3VQ7dLUkOhieJNVQ%3D%3D&trackingId=22da%2F7nvnOrUlDHZey1CBA%3D%3D&position=21&pageNum=0&trk=public_jobs_jserp-result_search-card,DA,30-09-2022_10:32:05
Data analyst,Miric Biotech Limited,"Hyderabad, Telangana, India",11 hours ago,https://in.linkedin.com/jobs/view/data-analyst-at-miric-biotech-limited-3291319960?refId=9ynB6M3VQ7dLUkOhieJNVQ%3D%3D&trackingId=tP%2BByYWSNqOVpiDojEJAOQ%3D%3D&position=22&pageNum=0&trk=public_jobs_jserp-result_search-card,DA,30-09-2022_10:32:05
Hiring for Data analyst-Kanpur,Miric Biotech Limited,"Kanpur, Uttar Pradesh, India",11 hours ago,https://in.linkedin.com/jobs/view/hiring-for-data-analyst-kanpur-at-miric-biotech-limited-3291322770?refId=9ynB6M3VQ7dLUkOhieJNVQ%3D%3D&trackingId=XgYgPwofQx9F%2BfpoWRXdcQ%3D%3D&position=23&pageNum=0&trk=public_jobs_jserp-result_search-card,DA,30-09-2022_10:32:05
Hiring for Data analyst -Chandigarh,Miric Biotech Limited,"Chandigarh, Chandigarh, India",11 hours ago,https://in.linkedin.com/jobs/view/hiring-for-data-analyst-chandigarh-at-miric-biotech-limited-3291323684?refId=9ynB6M3VQ7dLUkOhieJNVQ%3D%3D&trackingId=0Y3%2BMtlwDRR%2Fw9qKTjalgw%3D%3D&position=24&pageNum=0&trk=public_jobs_jserp-result_search-card,DA,30-09-2022_10:32:05
"Associate Analyst, Analytics & Metrics",Mastercard,"Pune, Maharashtra, India",10 hours ago,https://in.linkedin.com/jobs/view/associate-analyst-analytics-metrics-at-mastercard-3291321037?refId=9ynB6M3VQ7dLUkOhieJNVQ%3D%3D&trackingId=KaOGTU%2FEuwblznngJMkmVQ%3D%3D&position=25&pageNum=0&trk=public_jobs_jserp-result_search-card,DA,30-09-2022_10:32:05
Data Analyst,Synechron,"Bengaluru, Karnataka, India",20 hours ago,https://in.linkedin.com/jobs/view/data-analyst-at-synechron-3275857650?refId=qVG0pkQgIU8WTqscAWQxcA%3D%3D&trackingId=ch9ifFnQchI6aGi4T9tN1w%3D%3D&position=3&pageNum=0&trk=public_jobs_jserp-result_search-card,DA,30-09-2022_10:32:05
Analyst - Data Analysis,Inizio Advisory,"Gurugram, Haryana, India",13 hours ago,https://in.linkedin.com/jobs/view/analyst-data-analysis-at-inizio-advisory-3294666986?refId=qVG0pkQgIU8WTqscAWQxcA%3D%3D&trackingId=XMtW8oxA6ZmQMSjftdZvGg%3D%3D&position=11&pageNum=0&trk=public_jobs_jserp-result_search-card,DA,30-09-2022_10:32:05
Analyst - Data Analysis,SmartAnalyst,"Gurugram, Haryana, India",13 hours ago,https://in.linkedin.com/jobs/view/analyst-data-analysis-at-smartanalyst-3294680606?refId=qVG0pkQgIU8WTqscAWQxcA%3D%3D&trackingId=SwLVcNCyoQfFgNBISdIDkg%3D%3D&position=14&pageNum=0&trk=public_jobs_jserp-result_search-card,DA,30-09-2022_10:32:05
Data & Analytics Analyst,NatWest Group,"Gurgaon, Haryana, India",17 hours ago,https://in.linkedin.com/jobs/view/data-analytics-analyst-at-natwest-group-3294267848?refId=qVG0pkQgIU8WTqscAWQxcA%3D%3D&trackingId=TsH8Re9WxVo0Ku%2BY0Xt9GA%3D%3D&position=16&pageNum=0&trk=public_jobs_jserp-result_search-card,DA,30-09-2022_10:32:05
Data Analyst,JLL,"Bengaluru, Karnataka, India",19 hours ago,https://in.linkedin.com/jobs/view/data-analyst-at-jll-3257335897?refId=qVG0pkQgIU8WTqscAWQxcA%3D%3D&trackingId=EfI%2BPXVH2lq0OqqaCiO4AQ%3D%3D&position=21&pageNum=0&trk=public_jobs_jserp-result_search-card,DA,30-09-2022_10:32:05
"Data Analyst 1 - Bangalore, KA",Optum,"Bengaluru, Karnataka, India",1 hour ago,https://in.linkedin.com/jobs/view/data-analyst-1-bangalore-ka-at-optum-3295303864?refId=zq7H1xNqAL9AI7hNu7QLlg%3D%3D&trackingId=HKxBe4MsrC7vzSIZdRt01Q%3D%3D&position=7&pageNum=0&trk=public_jobs_jserp-result_search-card,DA,30-09-2022_10:32:05
"Senior Data Analyst - Bangalore, KA",Optum,"Bengaluru, Karnataka, India",1 hour ago,https://in.linkedin.com/jobs/view/senior-data-analyst-bangalore-ka-at-optum-3295306515?refId=zq7H1xNqAL9AI7hNu7QLlg%3D%3D&trackingId=g4ZYYWnLjzzPzpfq%2Bz0ozQ%3D%3D&position=16&pageNum=0&trk=public_jobs_jserp-result_search-card,DA,30-09-2022_10:32:05
Data analyst,Miric Biotech Limited,"Vadodara, Gujarat, India",11 hours ago,https://in.linkedin.com/jobs/view/data-analyst-at-miric-biotech-limited-3291321812?refId=zq7H1xNqAL9AI7hNu7QLlg%3D%3D&trackingId=OpdTKZfRLr9we4QvVgqmVQ%3D%3D&position=25&pageNum=0&trk=public_jobs_jserp-result_search-card,DA,30-09-2022_10:32:05
Dotnet Developer,TL TECHNOLOGIES PRIVATE LIMITED,"Thiruvananthapuram, Kerala, India",13 hours ago,https://in.linkedin.com/jobs/view/dotnet-developer-at-tl-technologies-private-limited-3281779495?refId=wrUuTSh2G%2FolOFwhFMIBgw%3D%3D&trackingId=8lisDT7UQBlHZv4%2BnNpG5w%3D%3D&position=1&pageNum=0&trk=public_jobs_jserp-result_search-card,DA,30-09-2022_10:32:05
Sr. Node.js Developer,Altorum Leren Pvt. Ltd.,"Bengaluru, Karnataka, India",16 hours ago,https://in.linkedin.com/jobs/view/sr-node-js-developer-at-altorum-leren-pvt-ltd-3290564390?refId=wrUuTSh2G%2FolOFwhFMIBgw%3D%3D&trackingId=SvcivzUk7XxfeJqmLIJdUQ%3D%3D&position=2&pageNum=0&trk=public_jobs_jserp-result_search-card,DA,30-09-2022_10:32:05
React.js+.Net Developer,Recruitify.in,"Pune, Maharashtra, India",15 hours ago,https://in.linkedin.com/jobs/view/react-js%2B-net-developer-at-recruitify-in-3294586351?refId=wrUuTSh2G%2FolOFwhFMIBgw%3D%3D&trackingId=AFDBqCPZwA5T5fP67gHMJw%3D%3D&position=3&pageNum=0&trk=public_jobs_jserp-result_search-card,DA,30-09-2022_10:32:05
Sr Full Stack Developer,OptimHire,"Trivandrum, Kerala, India",11 hours ago,https://in.linkedin.com/jobs/view/sr-full-stack-developer-at-optimhire-3282200678?refId=wrUuTSh2G%2FolOFwhFMIBgw%3D%3D&trackingId=XgzICzubU5D5Vcp5enPVXQ%3D%3D&position=4&pageNum=0&trk=public_jobs_jserp-result_search-card,DA,30-09-2022_10:32:05
JD for .Net Developer – Chennai/Madurai Branch,WiseTech Source Pvt. Ltd,"Madurai, Tamil Nadu, India",16 hours ago,https://in.linkedin.com/jobs/view/jd-for-net-developer-%E2%80%93-chennai-madurai-branch-at-wisetech-source-pvt-ltd-3294387767?refId=wrUuTSh2G%2FolOFwhFMIBgw%3D%3D&trackingId=HZ%2BDmIgTaAanr4ENMXmLmQ%3D%3D&position=5&pageNum=0&trk=public_jobs_jserp-result_search-card,DA,30-09-2022_10:32:05
Full-stack Developer,StimVeda Neurosciences,"Gurugram, Haryana, India",14 minutes ago,https://in.linkedin.com/jobs/view/full-stack-developer-at-stimveda-neurosciences-3283311539?refId=wrUuTSh2G%2FolOFwhFMIBgw%3D%3D&trackingId=hj21BfeaVPYVMmKzoNsFZw%3D%3D&position=6&pageNum=0&trk=public_jobs_jserp-result_search-card,DA,30-09-2022_10:32:05
Dot Net core and API developer,CaptainSales,"Gurugram, Haryana, India",15 hours ago,https://in.linkedin.com/jobs/view/dot-net-core-and-api-developer-at-captainsales-3290708665?refId=wrUuTSh2G%2FolOFwhFMIBgw%3D%3D&trackingId=mROpiB9fPjfzcBnnzfe9Pg%3D%3D&position=7&pageNum=0&trk=public_jobs_jserp-result_search-card,DA,30-09-2022_10:32:05
Senior Full Stack Programmer,Antal International,"Bengaluru, Karnataka, India",18 hours ago,https://in.linkedin.com/jobs/view/senior-full-stack-programmer-at-antal-international-3290598901?refId=wrUuTSh2G%2FolOFwhFMIBgw%3D%3D&trackingId=zUG8RdL%2Bi7w%2Bl%2F2ciwkmWw%3D%3D&position=8&pageNum=0&trk=public_jobs_jserp-result_search-card,DA,30-09-2022_10:32:05
Dotnet Developer,Foxiom Leads Pvt Ltd,"Kozhikode, Kerala, India",20 hours ago,https://in.linkedin.com/jobs/view/dotnet-developer-at-foxiom-leads-pvt-ltd-3281705434?refId=wrUuTSh2G%2FolOFwhFMIBgw%3D%3D&trackingId=N5N3ShgAsFtx3Ko8COzn%2FA%3D%3D&position=9&pageNum=0&trk=public_jobs_jserp-result_search-card,DA,30-09-2022_10:32:05
.Net Developer,Impiger Technologies,"Chennai, Tamil Nadu, India",13 hours ago,https://in.linkedin.com/jobs/view/net-developer-at-impiger-technologies-3201553526?refId=wrUuTSh2G%2FolOFwhFMIBgw%3D%3D&trackingId=KP5daKBV16djBezQicgpmw%3D%3D&position=10&pageNum=0&trk=public_jobs_jserp-result_search-card,DA,30-09-2022_10:32:05
Senior Node js developer,Revyrie Global,"Thiruvananthapuram, Kerala, India",23 hours ago,https://in.linkedin.com/jobs/view/senior-node-js-developer-at-revyrie-global-3293496122?refId=wrUuTSh2G%2FolOFwhFMIBgw%3D%3D&trackingId=zZYv4lBE4eK0mLw3CREWpg%3D%3D&position=11&pageNum=0&trk=public_jobs_jserp-result_search-card,DA,30-09-2022_10:32:05
Backend Engineer-CH3851,Nisum,"Hyderabad, Telangana, India",18 hours ago,https://in.linkedin.com/jobs/view/backend-engineer-ch3851-at-nisum-3256933587?refId=wrUuTSh2G%2FolOFwhFMIBgw%3D%3D&trackingId=mN73K57dyogjTdlM3pMyjQ%3D%3D&position=12&pageNum=0&trk=public_jobs_jserp-result_search-card,DA,30-09-2022_10:32:05
Dotnet Developer,Touchworld,"Bengaluru, Karnataka, India",19 hours ago,https://in.linkedin.com/jobs/view/dotnet-developer-at-touchworld-3281714820?refId=wrUuTSh2G%2FolOFwhFMIBgw%3D%3D&trackingId=eXLXmfpyu7evimGlrELDxg%3D%3D&position=13&pageNum=0&trk=public_jobs_jserp-result_search-card,DA,30-09-2022_10:32:05
Dot Net full stack developer,"Conquest Tech Solutions, Inc.","Pune, Maharashtra, India",17 hours ago,https://in.linkedin.com/jobs/view/dot-net-full-stack-developer-at-conquest-tech-solutions-inc-3294271530?refId=wrUuTSh2G%2FolOFwhFMIBgw%3D%3D&trackingId=tkBFmPYJdZh4ETOxOqR6BQ%3D%3D&position=14&pageNum=0&trk=public_jobs_jserp-result_search-card,DA,30-09-2022_10:32:05
PHP Developer,Resource Development Effort Group,"Chennai, Tamil Nadu, India",2 hours ago,https://in.linkedin.com/jobs/view/php-developer-at-resource-development-effort-group-3282292259?refId=wrUuTSh2G%2FolOFwhFMIBgw%3D%3D&trackingId=%2FOV345mIZiHfa3Is448y6w%3D%3D&position=15&pageNum=0&trk=public_jobs_jserp-result_search-card,DA,30-09-2022_10:32:05
Dotnet Developer,Crox Consulting Inc,"Delhi, India",19 hours ago,https://in.linkedin.com/jobs/view/dotnet-developer-at-crox-consulting-inc-3281713724?refId=wrUuTSh2G%2FolOFwhFMIBgw%3D%3D&trackingId=5m37FoNAg5hB0HsXsqRGmQ%3D%3D&position=16&pageNum=0&trk=public_jobs_jserp-result_search-card,DA,30-09-2022_10:32:05
Java Full Stack Developer- Canada (On-site),People Tech Group Inc,"Hyderabad, Telangana, India",23 hours ago,https://in.linkedin.com/jobs/view/java-full-stack-developer-canada-on-site-at-people-tech-group-inc-3280912400?refId=wrUuTSh2G%2FolOFwhFMIBgw%3D%3D&trackingId=0cob8tPlnSqb4RdTCDMCoQ%3D%3D&position=17&pageNum=0&trk=public_jobs_jserp-result_search-card,DA,30-09-2022_10:32:05
Dotnet Developer,JACS365 HR Outsourcing Solutions,"Puducherry, India",18 minutes ago,https://in.linkedin.com/jobs/view/dotnet-developer-at-jacs365-hr-outsourcing-solutions-3283305680?refId=wrUuTSh2G%2FolOFwhFMIBgw%3D%3D&trackingId=Iqf3%2FOwaK9e1PwNkFjjFyw%3D%3D&position=18&pageNum=0&trk=public_jobs_jserp-result_search-card,DA,30-09-2022_10:32:05
.Net Developer,iFour Technolab Pvt. Ltd.,"Ahmedabad, Gujarat, India",19 hours ago,https://in.linkedin.com/jobs/view/net-developer-at-ifour-technolab-pvt-ltd-3286915485?refId=wrUuTSh2G%2FolOFwhFMIBgw%3D%3D&trackingId=oi%2FPC44prtvzPai8wkMENA%3D%3D&position=19&pageNum=0&trk=public_jobs_jserp-result_search-card,DA,30-09-2022_10:32:05
Dotnet Developer,Staffing Sphere,"Chennai, Tamil Nadu, India",5 hours ago,https://in.linkedin.com/jobs/view/dotnet-developer-at-staffing-sphere-3291617239?refId=wrUuTSh2G%2FolOFwhFMIBgw%3D%3D&trackingId=pVCC%2FC%2FCzVMKVFR9VjeXcA%3D%3D&position=20&pageNum=0&trk=public_jobs_jserp-result_search-card,DA,30-09-2022_10:32:05
Dotnet Developer,HostBooks Limited,"Gurugram, Haryana, India",23 hours ago,https://in.linkedin.com/jobs/view/dotnet-developer-at-hostbooks-limited-3280910856?refId=wrUuTSh2G%2FolOFwhFMIBgw%3D%3D&trackingId=wEtfmD2I4M8RNhslQaBuBQ%3D%3D&position=21&pageNum=0&trk=public_jobs_jserp-result_search-card,DA,30-09-2022_10:32:05
Java Developer,Invent SoftLabs(India) Private Limited,"Chennai, Tamil Nadu, India",13 hours ago,https://in.linkedin.com/jobs/view/java-developer-at-invent-softlabs-india-private-limited-3294704895?refId=wrUuTSh2G%2FolOFwhFMIBgw%3D%3D&trackingId=P1ACprmDUCZc4mRWq0zSFA%3D%3D&position=22&pageNum=0&trk=public_jobs_jserp-result_search-card,DA,30-09-2022_10:32:05
Asp.net Developer(Ahmedabad),Microvista Technologies Pvt Ltd.,"Ahmedabad, Gujarat, India",17 hours ago,https://in.linkedin.com/jobs/view/asp-net-developer-ahmedabad-at-microvista-technologies-pvt-ltd-3294262792?refId=wrUuTSh2G%2FolOFwhFMIBgw%3D%3D&trackingId=BLjDUhf%2FNxfUvXkyGkpAbg%3D%3D&position=23&pageNum=0&trk=public_jobs_jserp-result_search-card,DA,30-09-2022_10:32:05
Dotnet Developer,"Continental Holdings, Inc","Kerala, India",28 minutes ago,https://in.linkedin.com/jobs/view/dotnet-developer-at-continental-holdings-inc-3295323423?refId=wrUuTSh2G%2FolOFwhFMIBgw%3D%3D&trackingId=LgvQyxWmOK%2B56gHUosQlDA%3D%3D&position=24&pageNum=0&trk=public_jobs_jserp-result_search-card,DA,30-09-2022_10:32:05
Full-stack Developer,KMIT Solutions (A Wild Republic Company),"Coimbatore, Tamil Nadu, India",2 hours ago,https://in.linkedin.com/jobs/view/full-stack-developer-at-kmit-solutions-a-wild-republic-company-3282288361?refId=wrUuTSh2G%2FolOFwhFMIBgw%3D%3D&trackingId=Gk425%2BbZozQZ6HgQ3aaJWA%3D%3D&position=25&pageNum=0&trk=public_jobs_jserp-result_search-card,DA,30-09-2022_10:32:05
Hiring for Data analyst -Jaipur,Miric Biotech Limited,"Jaipur, Rajasthan, India",11 hours ago,https://in.linkedin.com/jobs/view/hiring-for-data-analyst-jaipur-at-miric-biotech-limited-3291320923?refId=Nl9ENVTBU%2B7uZtzhhBCxlQ%3D%3D&trackingId=llx9GEhDMWWOlmIAQCZmuw%3D%3D&position=8&pageNum=0&trk=public_jobs_jserp-result_search-card,DA,30-09-2022_10:32:05
Data Engineer,Nineleaps,"Bengaluru, Karnataka, India",22 hours ago,https://in.linkedin.com/jobs/view/data-engineer-at-nineleaps-3279743262?refId=Nl9ENVTBU%2B7uZtzhhBCxlQ%3D%3D&trackingId=lA08939dp92zJg2XOYzhEw%3D%3D&position=9&pageNum=0&trk=public_jobs_jserp-result_search-card,DA,30-09-2022_10:32:05
Hiring for Data analyst -Gandhidham,Miric Biotech Limited,"Gandhidham, Gujarat, India",11 hours ago,https://in.linkedin.com/jobs/view/hiring-for-data-analyst-gandhidham-at-miric-biotech-limited-3291322802?refId=Nl9ENVTBU%2B7uZtzhhBCxlQ%3D%3D&trackingId=9nYoAsiRzSS%2F15MNR3n4sA%3D%3D&position=12&pageNum=0&trk=public_jobs_jserp-result_search-card,DA,30-09-2022_10:32:05
Data Engineer,MIMS Pte Ltd,"Bengaluru, Karnataka, India",3 hours ago,https://in.linkedin.com/jobs/view/data-engineer-at-mims-pte-ltd-3282282193?refId=Nl9ENVTBU%2B7uZtzhhBCxlQ%3D%3D&trackingId=SlVu7kASHtZn1lTSgY%2FTxg%3D%3D&position=17&pageNum=0&trk=public_jobs_jserp-result_search-card,DA,30-09-2022_10:32:05
Hiring for Full Time Data Analyst Trainer,Croma Campus Pvt. Ltd.,"Noida, Uttar Pradesh, India",11 hours ago,https://in.linkedin.com/jobs/view/hiring-for-full-time-data-analyst-trainer-at-croma-campus-pvt-ltd-3291326528?refId=Nl9ENVTBU%2B7uZtzhhBCxlQ%3D%3D&trackingId=SyldP75d42aBOJ5RzxxrvA%3D%3D&position=20&pageNum=0&trk=public_jobs_jserp-result_search-card,DA,30-09-2022_10:32:05
"Data Analyst, Trilogy (Remote) - $60,000/year USD",Crossover for Work,"Delhi, Delhi, India",1 hour ago,https://in.linkedin.com/jobs/view/data-analyst-trilogy-remote-%2460-000-year-usd-at-crossover-for-work-3289070791?refId=Nl9ENVTBU%2B7uZtzhhBCxlQ%3D%3D&trackingId=2d%2FwwpSRYwNqJH6E0cXJ5w%3D%3D&position=23&pageNum=0&trk=public_jobs_jserp-result_search-card,DA,30-09-2022_10:32:05
Clinical Data Analyst,Omasy Research,"Bengaluru, Karnataka, India",11 hours ago,https://in.linkedin.com/jobs/view/clinical-data-analyst-at-omasy-research-3291326345?refId=Nl9ENVTBU%2B7uZtzhhBCxlQ%3D%3D&trackingId=CWfmI8EvLUFZ%2FrKCUV7o0Q%3D%3D&position=24&pageNum=0&trk=public_jobs_jserp-result_search-card,DA,30-09-2022_10:32:05
Business Data Analyst,Franklin Templeton India,"Hyderabad, Telangana, India",2 hours ago,https://in.linkedin.com/jobs/view/business-data-analyst-at-franklin-templeton-india-3285987700?refId=Nl9ENVTBU%2B7uZtzhhBCxlQ%3D%3D&trackingId=iXm8U%2Bb4BPaH4zz9QumRXw%3D%3D&position=25&pageNum=0&trk=public_jobs_jserp-result_search-card,DA,30-09-2022_10:32:05
Data Engineer,PwC India,"Bengaluru, Karnataka, India",19 hours ago,https://in.linkedin.com/jobs/view/data-engineer-at-pwc-india-3281714600?refId=Uhzl%2FwXskceHf4cpJFo8Tg%3D%3D&trackingId=aqH25VQZhE%2FH3XUB6jshpQ%3D%3D&position=5&pageNum=0&trk=public_jobs_jserp-result_search-card,DA,30-09-2022_10:32:05
Supply Chain Data Analyst,Microsoft,"Noida, Uttar Pradesh, India",13 hours ago,https://in.linkedin.com/jobs/view/supply-chain-data-analyst-at-microsoft-3290772677?refId=Uhzl%2FwXskceHf4cpJFo8Tg%3D%3D&trackingId=aGPgfqVVKoUjckWRzybXKA%3D%3D&position=19&pageNum=0&trk=public_jobs_jserp-result_search-card,DA,30-09-2022_10:32:05
Supply Chain Data Analyst,Microsoft,"Bengaluru, Karnataka, India",13 hours ago,https://in.linkedin.com/jobs/view/supply-chain-data-analyst-at-microsoft-3290775070?refId=Uhzl%2FwXskceHf4cpJFo8Tg%3D%3D&trackingId=wrCEIrZUYSuqi%2FgwONxvPg%3D%3D&position=20&pageNum=0&trk=public_jobs_jserp-result_search-card,DA,30-09-2022_10:32:05
Supply Chain Data Analyst,Microsoft,"Hyderabad, Telangana, India",13 hours ago,https://in.linkedin.com/jobs/view/supply-chain-data-analyst-at-microsoft-3290769803?refId=Uhzl%2FwXskceHf4cpJFo8Tg%3D%3D&trackingId=f0jf3vFMQKxjv8HkvDFrnQ%3D%3D&position=21&pageNum=0&trk=public_jobs_jserp-result_search-card,DA,30-09-2022_10:32:05
"Data Analyst, Trilogy (Remote) - $60,000/year USD",Crossover for Work,"Ahmedabad, Gujarat, India",35 minutes ago,https://in.linkedin.com/jobs/view/data-analyst-trilogy-remote-%2460-000-year-usd-at-crossover-for-work-3289073594?refId=qwOVW%2FwVq871J03WxzLWBQ%3D%3D&trackingId=C%2FimMhg11pcZebXeenshZg%3D%3D&position=25&pageNum=0&trk=public_jobs_jserp-result_search-card,DA,30-09-2022_10:32:05
Full-stack .NET developer,Vegam Solutions,"Bengaluru, Karnataka, India",16 hours ago,https://in.linkedin.com/jobs/view/full-stack-net-developer-at-vegam-solutions-3242229964?refId=VzWqaB9rAzMUc3hxGTQuHg%3D%3D&trackingId=ng%2BVzbra9tLpmAqX6V1g5w%3D%3D&position=2&pageNum=0&trk=public_jobs_jserp-result_search-card,DA,30-09-2022_10:32:05
Node JS Developer,Harjai Computers,"Mumbai, Maharashtra, India",17 hours ago,https://in.linkedin.com/jobs/view/node-js-developer-at-harjai-computers-3290713428?refId=VzWqaB9rAzMUc3hxGTQuHg%3D%3D&trackingId=OXnUp6BzA0aHDnHNkCevrw%3D%3D&position=3&pageNum=0&trk=public_jobs_jserp-result_search-card,DA,30-09-2022_10:32:05
SR QA SW ENGINEER (8090) - Layer2/Layer3 Protocol Testing,Extreme Networks,"Chennai, Tamil Nadu, India",18 hours ago,https://in.linkedin.com/jobs/view/sr-qa-sw-engineer-8090-layer2-layer3-protocol-testing-at-extreme-networks-3227111243?refId=VzWqaB9rAzMUc3hxGTQuHg%3D%3D&trackingId=e%2Fser3FpckorY7B4HXvnfQ%3D%3D&position=5&pageNum=0&trk=public_jobs_jserp-result_search-card,DA,30-09-2022_10:32:05
Dotnet Developer,GHSL Technologies Pvt Ltd,"Hyderabad, Telangana, India",22 hours ago,https://in.linkedin.com/jobs/view/dotnet-developer-at-ghsl-technologies-pvt-ltd-3293903071?refId=VzWqaB9rAzMUc3hxGTQuHg%3D%3D&trackingId=f%2BZdIQxXrTdutglAldNGYw%3D%3D&position=6&pageNum=0&trk=public_jobs_jserp-result_search-card,DA,30-09-2022_10:32:05
"Senior Engineer II, SW",HARMAN International,"Bengaluru, Karnataka, India",12 hours ago,https://in.linkedin.com/jobs/view/senior-engineer-ii-sw-at-harman-international-3281781476?refId=VzWqaB9rAzMUc3hxGTQuHg%3D%3D&trackingId=GRGEr3YPv0IAq8OVhbS3CA%3D%3D&position=12&pageNum=0&trk=public_jobs_jserp-result_search-card,DA,30-09-2022_10:32:05
Full Stack Engineer,Neo Aid,India,6 minutes ago,https://in.linkedin.com/jobs/view/full-stack-engineer-at-neo-aid-3291663596?refId=VzWqaB9rAzMUc3hxGTQuHg%3D%3D&trackingId=2kfOw0z3oW%2BH3%2Fh0v2xTqw%3D%3D&position=13&pageNum=0&trk=public_jobs_jserp-result_search-card,DA,30-09-2022_10:32:05
PHP Laravel Developer,Cookee Apps LLP,"Perintalmanna, Kerala, India",18 hours ago,https://in.linkedin.com/jobs/view/php-laravel-developer-at-cookee-apps-llp-3281725154?refId=VzWqaB9rAzMUc3hxGTQuHg%3D%3D&trackingId=1LV9jwD6jezSXCb4le12%2FQ%3D%3D&position=14&pageNum=0&trk=public_jobs_jserp-result_search-card,DA,30-09-2022_10:32:05
Full-stack .NET Developer,Vegam Solutions,"Bengaluru, Karnataka, India",15 hours ago,https://in.linkedin.com/jobs/view/full-stack-net-developer-at-vegam-solutions-2814724925?refId=VzWqaB9rAzMUc3hxGTQuHg%3D%3D&trackingId=akVvmA%2BU648wOm7iiUJ2iQ%3D%3D&position=15&pageNum=0&trk=public_jobs_jserp-result_search-card,DA,30-09-2022_10:32:05
Dotnet Developer,Confidential,"Mohali district, Punjab, India",20 hours ago,https://in.linkedin.com/jobs/view/dotnet-developer-at-confidential-3290575382?refId=VzWqaB9rAzMUc3hxGTQuHg%3D%3D&trackingId=kyQlSn8s4CTUfqm%2FlC5EpQ%3D%3D&position=16&pageNum=0&trk=public_jobs_jserp-result_search-card,DA,30-09-2022_10:32:05
Dotnet Developer,Dvdasjobs.com,"Surat, Gujarat, India",10 hours ago,https://in.linkedin.com/jobs/view/dotnet-developer-at-dvdasjobs-com-3291336785?refId=VzWqaB9rAzMUc3hxGTQuHg%3D%3D&trackingId=xzLbfw06Ok8wUQjQ4oNoyg%3D%3D&position=17&pageNum=0&trk=public_jobs_jserp-result_search-card,DA,30-09-2022_10:32:05
Senior Java Software Engineer,Hirect India - Startup Jobs & Hiring,"Bengaluru, Karnataka, India",15 hours ago,https://in.linkedin.com/jobs/view/senior-java-software-engineer-at-hirect-india-startup-jobs-hiring-3281756051?refId=VzWqaB9rAzMUc3hxGTQuHg%3D%3D&trackingId=QLmYTfZUows%2FDIaWZrzAWg%3D%3D&position=21&pageNum=0&trk=public_jobs_jserp-result_search-card,DA,30-09-2022_10:32:05
Experienced PHP Developer,VoidMax Tech,"Chennai, Tamil Nadu, India",23 hours ago,https://in.linkedin.com/jobs/view/experienced-php-developer-at-voidmax-tech-3275874363?refId=VzWqaB9rAzMUc3hxGTQuHg%3D%3D&trackingId=MwM%2FnhnXrB2x9RXMyIUIxg%3D%3D&position=22&pageNum=0&trk=public_jobs_jserp-result_search-card,DA,30-09-2022_10:32:05
Dot Net Developer,GHSL Technologies Pvt Ltd,"Hyderabad, Telangana, India",1 hour ago,https://in.linkedin.com/jobs/view/dot-net-developer-at-ghsl-technologies-pvt-ltd-3295199224?refId=VzWqaB9rAzMUc3hxGTQuHg%3D%3D&trackingId=qjhtN5ga21NI80CA3z3Rmw%3D%3D&position=23&pageNum=0&trk=public_jobs_jserp-result_search-card,DA,30-09-2022_10:32:05
Senior Java Software Engineer,OptimHire,"Bengaluru, Karnataka, India",13 hours ago,https://in.linkedin.com/jobs/view/senior-java-software-engineer-at-optimhire-3294660903?refId=VzWqaB9rAzMUc3hxGTQuHg%3D%3D&trackingId=J7U0D9p0vwiRiomnPkbjLg%3D%3D&position=24&pageNum=0&trk=public_jobs_jserp-result_search-card,DA,30-09-2022_10:32:05
STAFF SW APPLICATIONS ENGINEER (8084) - Backend Development,Extreme Networks,"Bengaluru, Karnataka, India",19 hours ago,https://in.linkedin.com/jobs/view/staff-sw-applications-engineer-8084-backend-development-at-extreme-networks-3226212480?refId=VzWqaB9rAzMUc3hxGTQuHg%3D%3D&trackingId=qgfjXjH0GXg2j%2FfTC0dufQ%3D%3D&position=25&pageNum=0&trk=public_jobs_jserp-result_search-card,DA,30-09-2022_10:32:05
Data Science Intern,Corizo,India,11 hours ago,https://in.linkedin.com/jobs/view/data-science-intern-at-corizo-3291308242?refId=cXzQ%2FjzLXDWAzh9c3VhU1g%3D%3D&trackingId=jEn%2FJqtnz2msZ9176EBXHA%3D%3D&position=1&pageNum=0&trk=public_jobs_jserp-result_search-card,DS,30-09-2022_10:32:05
Data Science part time job/internship at Pune in AlgoSwing,AlgoSwing,"Pune, Maharashtra, India",14 hours ago,https://in.linkedin.com/jobs/view/data-science-part-time-job-internship-at-pune-in-algoswing-at-algoswing-3294703019?refId=cXzQ%2FjzLXDWAzh9c3VhU1g%3D%3D&trackingId=iB5X1g6VCjBctdLuYVU3vw%3D%3D&position=3&pageNum=0&trk=public_jobs_jserp-result_search-card,DS,30-09-2022_10:32:05
Data Scientist - Computer Vision,Walmart Global Tech India,"Bengaluru, Karnataka, India",10 hours ago,https://in.linkedin.com/jobs/view/data-scientist-computer-vision-at-walmart-global-tech-india-3294847884?refId=cXzQ%2FjzLXDWAzh9c3VhU1g%3D%3D&trackingId=uwTdiTQLac%2FVxbbMugKisA%3D%3D&position=4&pageNum=0&trk=public_jobs_jserp-result_search-card,DS,30-09-2022_10:32:05
Data Scientist,Internet Brands,India,16 hours ago,https://in.linkedin.com/jobs/view/data-scientist-at-internet-brands-3281728988?refId=cXzQ%2FjzLXDWAzh9c3VhU1g%3D%3D&trackingId=gr%2FfSibVXcKNd6i1M1HCTw%3D%3D&position=5&pageNum=0&trk=public_jobs_jserp-result_search-card,DS,30-09-2022_10:32:05
Research Engineer (Battery Domain +Machine Learning),Samsung India,"Bengaluru, Karnataka, India",20 hours ago,https://in.linkedin.com/jobs/view/research-engineer-battery-domain-%2Bmachine-learning-at-samsung-india-3290578255?refId=cXzQ%2FjzLXDWAzh9c3VhU1g%3D%3D&trackingId=QLOm2TOHGSfDH%2FOcZLcwSA%3D%3D&position=6&pageNum=0&trk=public_jobs_jserp-result_search-card,DS,30-09-2022_10:32:05
Data Scientist,Intellect Design Arena Ltd,"Delhi, India",19 hours ago,https://in.linkedin.com/jobs/view/data-scientist-at-intellect-design-arena-ltd-3281707871?refId=cXzQ%2FjzLXDWAzh9c3VhU1g%3D%3D&trackingId=uZreq1kA8GyMn174weq9MQ%3D%3D&position=7&pageNum=0&trk=public_jobs_jserp-result_search-card,DS,30-09-2022_10:32:05
Intern - Analyst,SUN Mobility,"Bengaluru, Karnataka, India",23 hours ago,https://in.linkedin.com/jobs/view/intern-analyst-at-sun-mobility-3290540541?refId=cXzQ%2FjzLXDWAzh9c3VhU1g%3D%3D&trackingId=yk2QkykRXnpdYwE8WU7JWw%3D%3D&position=8&pageNum=0&trk=public_jobs_jserp-result_search-card,DS,30-09-2022_10:32:05
Data Scientist,Jar,"Bengaluru, Karnataka, India",12 hours ago,https://in.linkedin.com/jobs/view/data-scientist-at-jar-3281793835?refId=cXzQ%2FjzLXDWAzh9c3VhU1g%3D%3D&trackingId=dgpkpio9JgHXVnDFfCfeDg%3D%3D&position=9&pageNum=0&trk=public_jobs_jserp-result_search-card,DS,30-09-2022_10:32:05
Data Scientist,Redian Software Global,"Gurgaon, Haryana, India",12 hours ago,https://in.linkedin.com/jobs/view/data-scientist-at-redian-software-global-3294723333?refId=cXzQ%2FjzLXDWAzh9c3VhU1g%3D%3D&trackingId=uYgrDIsO5AUDf2KSmEVwRQ%3D%3D&position=10&pageNum=0&trk=public_jobs_jserp-result_search-card,DS,30-09-2022_10:32:05
Data Analyst,Synechron,"Bengaluru, Karnataka, India",20 hours ago,https://in.linkedin.com/jobs/view/data-analyst-at-synechron-3275857650?refId=cXzQ%2FjzLXDWAzh9c3VhU1g%3D%3D&trackingId=NssUv2%2FH9fV9wzIndHnolQ%3D%3D&position=11&pageNum=0&trk=public_jobs_jserp-result_search-card,DS,30-09-2022_10:32:05
Research Analyst - Strategy,SUN Mobility,"Bengaluru, Karnataka, India",19 hours ago,https://in.linkedin.com/jobs/view/research-analyst-strategy-at-sun-mobility-3290598078?refId=cXzQ%2FjzLXDWAzh9c3VhU1g%3D%3D&trackingId=G3thlydif0Vyu1ps984ehA%3D%3D&position=12&pageNum=0&trk=public_jobs_jserp-result_search-card,DS,30-09-2022_10:32:05
Analyst-Data Science,American Express,"Gurgaon, Haryana, India",12 hours ago,https://in.linkedin.com/jobs/view/analyst-data-science-at-american-express-3281782351?refId=cXzQ%2FjzLXDWAzh9c3VhU1g%3D%3D&trackingId=tp2epVAWj3eMCJDtP9csYw%3D%3D&position=13&pageNum=0&trk=public_jobs_jserp-result_search-card,DS,30-09-2022_10:32:05
Data Scientist,Nabler (now Brainlabs),"Bengaluru, Karnataka, India",12 hours ago,https://in.linkedin.com/jobs/view/data-scientist-at-nabler-now-brainlabs-3294761396?refId=cXzQ%2FjzLXDWAzh9c3VhU1g%3D%3D&trackingId=meTqBBL%2BTnGc72EpNOa9yQ%3D%3D&position=14&pageNum=0&trk=public_jobs_jserp-result_search-card,DS,30-09-2022_10:32:05
Research Analyst,Skillslash Academy,"Bengaluru, Karnataka, India",21 hours ago,https://in.linkedin.com/jobs/view/research-analyst-at-skillslash-academy-3280928849?refId=cXzQ%2FjzLXDWAzh9c3VhU1g%3D%3D&trackingId=GOT%2FK8ZFVAu1HIYA2GVlBA%3D%3D&position=15&pageNum=0&trk=public_jobs_jserp-result_search-card,DS,30-09-2022_10:32:05
Assistant Professor,STRI Consulting,Greater Hyderabad Area,12 hours ago,https://in.linkedin.com/jobs/view/assistant-professor-at-stri-consulting-3281784009?refId=cXzQ%2FjzLXDWAzh9c3VhU1g%3D%3D&trackingId=ggN7xaSlBR%2Bj1JCLlBgbpw%3D%3D&position=16&pageNum=0&trk=public_jobs_jserp-result_search-card,DS,30-09-2022_10:32:05
Data Science- C12,WhiteCrow Research,"Chennai, Tamil Nadu, India",11 hours ago,https://in.linkedin.com/jobs/view/data-science-c12-at-whitecrow-research-3291317930?refId=cXzQ%2FjzLXDWAzh9c3VhU1g%3D%3D&trackingId=x9N54YChtRjD2RGhli1x%2BA%3D%3D&position=17&pageNum=0&trk=public_jobs_jserp-result_search-card,DS,30-09-2022_10:32:05
Data Science,WhiteCrow Research,"Bengaluru, Karnataka, India",11 hours ago,https://in.linkedin.com/jobs/view/data-science-at-whitecrow-research-3291326018?refId=cXzQ%2FjzLXDWAzh9c3VhU1g%3D%3D&trackingId=X7r988XTr9%2B9EWSDolUFRg%3D%3D&position=18&pageNum=0&trk=public_jobs_jserp-result_search-card,DS,30-09-2022_10:32:05
Artificial Intelligence Engineer,Innovation Incubator Advisory,"Bengaluru, Karnataka, India",23 hours ago,https://in.linkedin.com/jobs/view/artificial-intelligence-engineer-at-innovation-incubator-advisory-3293172637?refId=cXzQ%2FjzLXDWAzh9c3VhU1g%3D%3D&trackingId=0YJiU3vxJ59FPOE5dL4isQ%3D%3D&position=19&pageNum=0&trk=public_jobs_jserp-result_search-card,DS,30-09-2022_10:32:05
Web Development Intern,Course-Hub,India,Just now,https://in.linkedin.com/jobs/view/web-development-intern-at-course-hub-3291665491?refId=cXzQ%2FjzLXDWAzh9c3VhU1g%3D%3D&trackingId=Mnm62zYOw9Yr%2B7FTLY8fPw%3D%3D&position=20&pageNum=0&trk=public_jobs_jserp-result_search-card,DS,30-09-2022_10:32:05
"Associate Analyst, Analytics & Metrics",Mastercard,"Pune, Maharashtra, India",10 hours ago,https://in.linkedin.com/jobs/view/associate-analyst-analytics-metrics-at-mastercard-3291321037?refId=cXzQ%2FjzLXDWAzh9c3VhU1g%3D%3D&trackingId=pavGz%2B6QCdh0hYZ%2FQG2VVA%3D%3D&position=22&pageNum=0&trk=public_jobs_jserp-result_search-card,DS,30-09-2022_10:32:05
Intellectyx Data Science - Presales Intern,Intellectyx,"Coimbatore, Tamil Nadu, India",12 hours ago,https://in.linkedin.com/jobs/view/intellectyx-data-science-presales-intern-at-intellectyx-3281785771?refId=cXzQ%2FjzLXDWAzh9c3VhU1g%3D%3D&trackingId=ycpTS91b02A4CAZn%2FtWVQQ%3D%3D&position=23&pageNum=0&trk=public_jobs_jserp-result_search-card,DS,30-09-2022_10:32:05
Data Scientist,Rooter.gg,"Delhi, Delhi, India",14 hours ago,https://in.linkedin.com/jobs/view/data-scientist-at-rooter-gg-3281760247?refId=cXzQ%2FjzLXDWAzh9c3VhU1g%3D%3D&trackingId=eZ4Rl2DgDceM%2BRPw0DSl4g%3D%3D&position=24&pageNum=0&trk=public_jobs_jserp-result_search-card,DS,30-09-2022_10:32:05
Senior Data Scientist - 100% Remote,Internet Brands,India,17 hours ago,https://in.linkedin.com/jobs/view/senior-data-scientist-100%25-remote-at-internet-brands-3281723681?refId=cXzQ%2FjzLXDWAzh9c3VhU1g%3D%3D&trackingId=Fmc4i0qIW6LXB2p%2FjrajbQ%3D%3D&position=25&pageNum=0&trk=public_jobs_jserp-result_search-card,DS,30-09-2022_10:32:05
Data Science Intern Rs.3500,Teachnook,India,15 hours ago,https://in.linkedin.com/jobs/view/data-science-intern-rs-3500-at-teachnook-3281750575?refId=rA9hDVfxmvs9ff5KLq%2BRMA%3D%3D&trackingId=byl1gCn%2Bbn1qoSDtL1KYCA%3D%3D&position=4&pageNum=0&trk=public_jobs_jserp-result_search-card,DS,30-09-2022_10:32:05
Machine Learning Support Engineer,Zycus,"Mumbai, Maharashtra, India",21 hours ago,https://in.linkedin.com/jobs/view/machine-learning-support-engineer-at-zycus-3290562920?refId=rA9hDVfxmvs9ff5KLq%2BRMA%3D%3D&trackingId=usGkHe%2BpZFEHl0EiVMr%2F4Q%3D%3D&position=24&pageNum=0&trk=public_jobs_jserp-result_search-card,DS,30-09-2022_10:32:05
Associate- Decision Science,Axtria - Ingenious Insights,"New Delhi, Delhi, India",19 hours ago,https://in.linkedin.com/jobs/view/associate-decision-science-at-axtria-ingenious-insights-3250329671?refId=rA9hDVfxmvs9ff5KLq%2BRMA%3D%3D&trackingId=0ZVhJYxsLENpCty8EaLAHw%3D%3D&position=25&pageNum=0&trk=public_jobs_jserp-result_search-card,DS,30-09-2022_10:32:05
Data Engineer Fresher,Audi India,"New Delhi, Delhi, India",9 hours ago,https://in.linkedin.com/jobs/view/data-engineer-fresher-at-audi-india-3282231323?refId=TF4YvpQftK16AP6gCtYR1g%3D%3D&trackingId=ktqqufuDTunNla6k%2FQEgag%3D%3D&position=1&pageNum=0&trk=public_jobs_jserp-result_search-card,DS,30-09-2022_10:32:05
Machine Learning Intern,Corizo,India,16 hours ago,https://in.linkedin.com/jobs/view/machine-learning-intern-at-corizo-3290747544?refId=TF4YvpQftK16AP6gCtYR1g%3D%3D&trackingId=eZRxIFVaXPII6IC%2BXwCXhQ%3D%3D&position=2&pageNum=0&trk=public_jobs_jserp-result_search-card,DS,30-09-2022_10:32:05
Data Analyst,Just Deliveries,"Mumbai, Maharashtra, India",4 minutes ago,https://in.linkedin.com/jobs/view/data-analyst-at-just-deliveries-3295328366?refId=TF4YvpQftK16AP6gCtYR1g%3D%3D&trackingId=1QRfGbjD3InAfb6T14qkPQ%3D%3D&position=5&pageNum=0&trk=public_jobs_jserp-result_search-card,DS,30-09-2022_10:32:05
Analytics New Associate - Social Media Analytics,Accenture in India,"Bengaluru, Karnataka, India",1 hour ago,https://in.linkedin.com/jobs/view/analytics-new-associate-social-media-analytics-at-accenture-in-india-3295196559?refId=TF4YvpQftK16AP6gCtYR1g%3D%3D&trackingId=KaW7Nn0KwdMaH0G5f13dVg%3D%3D&position=8&pageNum=0&trk=public_jobs_jserp-result_search-card,DS,30-09-2022_10:32:05
Junior Python Developer,Banyan Cloud,"Bengaluru, Karnataka, India",19 hours ago,https://in.linkedin.com/jobs/view/junior-python-developer-at-banyan-cloud-3280699896?refId=TF4YvpQftK16AP6gCtYR1g%3D%3D&trackingId=2IONe%2F8oBbO4SYjI2d%2BYPA%3D%3D&position=9&pageNum=0&trk=public_jobs_jserp-result_search-card,DS,30-09-2022_10:32:05
Associate - Analytics,Myntra,"Bengaluru, Karnataka, India",22 hours ago,https://in.linkedin.com/jobs/view/associate-analytics-at-myntra-3280922581?refId=TF4YvpQftK16AP6gCtYR1g%3D%3D&trackingId=HF6oPZ%2B4ZeNppfxbErmQ0A%3D%3D&position=13&pageNum=0&trk=public_jobs_jserp-result_search-card,DS,30-09-2022_10:32:05
Data Engineer,Apidel Technologies,"Pune, Maharashtra, India",25 minutes ago,https://in.linkedin.com/jobs/view/data-engineer-at-apidel-technologies-3295317741?refId=TF4YvpQftK16AP6gCtYR1g%3D%3D&trackingId=8p8RkoWpZtBm0xIxPDywXg%3D%3D&position=18&pageNum=0&trk=public_jobs_jserp-result_search-card,DS,30-09-2022_10:32:05
Data Engineer,POWER IT SERVICES,"Bengaluru, Karnataka, India",45 minutes ago,https://in.linkedin.com/jobs/view/data-engineer-at-power-it-services-3295314159?refId=TF4YvpQftK16AP6gCtYR1g%3D%3D&trackingId=N13A7Kr00k1zIHmk2O6NEg%3D%3D&position=21&pageNum=0&trk=public_jobs_jserp-result_search-card,DS,30-09-2022_10:32:05
Data Scientist,Infosys,"Bengaluru, Karnataka, India",1 hour ago,https://in.linkedin.com/jobs/view/data-scientist-at-infosys-3012975756?refId=Ezdnnxav26eH94IRTpL%2Fjg%3D%3D&trackingId=I56gsNsZQSFf8qsHTEVXMQ%3D%3D&position=8&pageNum=0&trk=public_jobs_jserp-result_search-card,DS,30-09-2022_10:32:05
Data Engineer,PwC India,"Bengaluru, Karnataka, India",19 hours ago,https://in.linkedin.com/jobs/view/data-engineer-at-pwc-india-3281714600?refId=Ezdnnxav26eH94IRTpL%2Fjg%3D%3D&trackingId=ihCI1XwISNPpqH6bY6%2FCwg%3D%3D&position=22&pageNum=0&trk=public_jobs_jserp-result_search-card,DS,30-09-2022_10:32:05
Production Support Analyst,Tekskills Inc.,"Bengaluru, Karnataka, India",1 minute ago,https://in.linkedin.com/jobs/view/production-support-analyst-at-tekskills-inc-3283313245?refId=MDJHJqUDQLJWVDweYDb73g%3D%3D&trackingId=RUlQe%2BuQWp65Bo4tIZ3xSA%3D%3D&position=21&pageNum=0&trk=public_jobs_jserp-result_search-card,DS,30-09-2022_10:32:05
Internship Program,TCR Innovation,India,12 hours ago,https://in.linkedin.com/jobs/view/internship-program-at-tcr-innovation-3290789915?refId=5jooArq%2BOvIgLblr3y6DaA%3D%3D&trackingId=SpRz7DMkaEmKn2ymyKFTxw%3D%3D&position=11&pageNum=0&trk=public_jobs_jserp-result_search-card,DS,30-09-2022_10:32:05
Power BI Developer,Applicantz,India,Just now,https://in.linkedin.com/jobs/view/power-bi-developer-at-applicantz-3295329706?refId=5jooArq%2BOvIgLblr3y6DaA%3D%3D&trackingId=vbrTkmJHazm5OLV%2BNhE4rA%3D%3D&position=19&pageNum=0&trk=public_jobs_jserp-result_search-card,DS,30-09-2022_10:32:05
Bioinformatician,The Gene Box,"Mumbai, Maharashtra, India",22 hours ago,https://in.linkedin.com/jobs/view/bioinformatician-at-the-gene-box-3293459601?refId=5jooArq%2BOvIgLblr3y6DaA%3D%3D&trackingId=Hypg%2B8kFP%2BWjDnYLx4GfyQ%3D%3D&position=25&pageNum=0&trk=public_jobs_jserp-result_search-card,DS,30-09-2022_10:32:05
Business Analyst,BankSathi,"Bengaluru, Karnataka, India",23 hours ago,https://in.linkedin.com/jobs/view/business-analyst-at-banksathi-3290535976?refId=8R%2F8qzpKZ5274eiaioDzYQ%3D%3D&trackingId=WyHDBSp8BuxGMRfwY7XwNw%3D%3D&position=23&pageNum=0&trk=public_jobs_jserp-result_search-card,DS,30-09-2022_10:32:05
Software Project Manager,The Tann Mann Gaadi,India,1 hour ago,https://in.linkedin.com/jobs/view/software-project-manager-at-the-tann-mann-gaadi-3282299968?refId=8R%2F8qzpKZ5274eiaioDzYQ%3D%3D&trackingId=WcUz7cmVeAaV6ZLRwmxrPw%3D%3D&position=25&pageNum=0&trk=public_jobs_jserp-result_search-card,DS,30-09-2022_10:32:05
Business Analyst,Technodysis,"Hyderabad, Telangana, India",5 minutes ago,https://in.linkedin.com/jobs/view/business-analyst-at-technodysis-3283312591?refId=qUFJwIc15QkU5DsChWViXw%3D%3D&trackingId=mozvvkks78mKwL%2FOnidXTg%3D%3D&position=1&pageNum=0&trk=public_jobs_jserp-result_search-card,BA,30-09-2022_10:32:05
Business Analyst,91HR,"South Goa, Goa, India",12 minutes ago,https://in.linkedin.com/jobs/view/business-analyst-at-91hr-3295324492?refId=qUFJwIc15QkU5DsChWViXw%3D%3D&trackingId=z2JQ2cpnsWByqjMxAn35Zg%3D%3D&position=2&pageNum=0&trk=public_jobs_jserp-result_search-card,BA,30-09-2022_10:32:05
Business Analyst - Founder's Office,Treebo Hotels,Greater Bengaluru Area,21 hours ago,https://in.linkedin.com/jobs/view/business-analyst-founder-s-office-at-treebo-hotels-3280927978?refId=qUFJwIc15QkU5DsChWViXw%3D%3D&trackingId=msnxppn0KLKPHbUSxlFpeA%3D%3D&position=3&pageNum=0&trk=public_jobs_jserp-result_search-card,BA,30-09-2022_10:32:05
Business Analyst,City People Solutions,Greater Hyderabad Area,2 hours ago,https://in.linkedin.com/jobs/view/business-analyst-at-city-people-solutions-3282290434?refId=qUFJwIc15QkU5DsChWViXw%3D%3D&trackingId=JsZVnCVsNSaZt4CZDfatHQ%3D%3D&position=4&pageNum=0&trk=public_jobs_jserp-result_search-card,BA,30-09-2022_10:32:05
Business Analyst,Kapture CX,"Bengaluru, Karnataka, India",17 hours ago,https://in.linkedin.com/jobs/view/business-analyst-at-kapture-cx-3281728643?refId=qUFJwIc15QkU5DsChWViXw%3D%3D&trackingId=%2FslL%2FTDZl7oh%2Fe7LuBUwYQ%3D%3D&position=5&pageNum=0&trk=public_jobs_jserp-result_search-card,BA,30-09-2022_10:32:05
Business Analyst,Tata Housing Development Company Limited,"Bengaluru, Karnataka, India",18 hours ago,https://in.linkedin.com/jobs/view/business-analyst-at-tata-housing-development-company-limited-3290705448?refId=qUFJwIc15QkU5DsChWViXw%3D%3D&trackingId=gwRcVurbcDalxVy5sfxFPg%3D%3D&position=6&pageNum=0&trk=public_jobs_jserp-result_search-card,BA,30-09-2022_10:32:05
Business Analyst,Ganesha Operation,"Hyderabad, Telangana, India",1 hour ago,https://in.linkedin.com/jobs/view/business-analyst-at-ganesha-operation-3283301361?refId=qUFJwIc15QkU5DsChWViXw%3D%3D&trackingId=aFpOQ6H%2Ff%2ByMo82cElRVDQ%3D%3D&position=7&pageNum=0&trk=public_jobs_jserp-result_search-card,BA,30-09-2022_10:32:05
Senior Business Analyst,Skyleaf Consultants LLP,"Bengaluru, Karnataka, India",8 minutes ago,https://in.linkedin.com/jobs/view/senior-business-analyst-at-skyleaf-consultants-llp-3290534138?refId=qUFJwIc15QkU5DsChWViXw%3D%3D&trackingId=fi42ZoD%2Fa2vrRt2MpmTdqA%3D%3D&position=8&pageNum=0&trk=public_jobs_jserp-result_search-card,BA,30-09-2022_10:32:05
Business Analyst,BankSathi,"Bengaluru, Karnataka, India",23 hours ago,https://in.linkedin.com/jobs/view/business-analyst-at-banksathi-3290535976?refId=qUFJwIc15QkU5DsChWViXw%3D%3D&trackingId=erXu7jZbErGSgWx9fUsVfA%3D%3D&position=9&pageNum=0&trk=public_jobs_jserp-result_search-card,BA,30-09-2022_10:32:05
Business Analyst,Societe Generale Global Solution Centre,"Bengaluru, Karnataka, India",17 hours ago,https://in.linkedin.com/jobs/view/business-analyst-at-societe-generale-global-solution-centre-3294270145?refId=qUFJwIc15QkU5DsChWViXw%3D%3D&trackingId=oA2YfJkol30fnJUHnWR4Cg%3D%3D&position=10&pageNum=0&trk=public_jobs_jserp-result_search-card,BA,30-09-2022_10:32:05
Business Analyst,Healthcare & Wellness Industry,"Maharashtra, India",2 hours ago,https://in.linkedin.com/jobs/view/business-analyst-at-healthcare-wellness-industry-3295192670?refId=qUFJwIc15QkU5DsChWViXw%3D%3D&trackingId=7yTSXN%2FrfHmhMbzC%2F2y3CQ%3D%3D&position=11&pageNum=0&trk=public_jobs_jserp-result_search-card,BA,30-09-2022_10:32:05
Business Analyst,Healthcare & Wellness Industry,"Uttar Pradesh, India",3 hours ago,https://in.linkedin.com/jobs/view/business-analyst-at-healthcare-wellness-industry-3291642204?refId=qUFJwIc15QkU5DsChWViXw%3D%3D&trackingId=BRfEMjRH6mRbYaV7A%2B18dw%3D%3D&position=12&pageNum=0&trk=public_jobs_jserp-result_search-card,BA,30-09-2022_10:32:05
Business Analyst,Wipro,"Chennai, Tamil Nadu, India",8 hours ago,https://in.linkedin.com/jobs/view/business-analyst-at-wipro-3282235836?refId=qUFJwIc15QkU5DsChWViXw%3D%3D&trackingId=6EydIol2Gs4iGi1zbAjZcQ%3D%3D&position=13&pageNum=0&trk=public_jobs_jserp-result_search-card,BA,30-09-2022_10:32:05
Business Analyst,Healthcare & Wellness Industry,"Gujarat, India",3 hours ago,https://in.linkedin.com/jobs/view/business-analyst-at-healthcare-wellness-industry-3291646048?refId=qUFJwIc15QkU5DsChWViXw%3D%3D&trackingId=xur1jsTVpQVXt%2FtRXSqzEw%3D%3D&position=14&pageNum=0&trk=public_jobs_jserp-result_search-card,BA,30-09-2022_10:32:05
Business Analyst,Healthcare & Wellness Industry,"Madhya Pradesh, India",2 hours ago,https://in.linkedin.com/jobs/view/business-analyst-at-healthcare-wellness-industry-3295193779?refId=qUFJwIc15QkU5DsChWViXw%3D%3D&trackingId=J3Y0Esm3HRFb%2BU%2F58jSNsQ%3D%3D&position=15&pageNum=0&trk=public_jobs_jserp-result_search-card,BA,30-09-2022_10:32:05
Non-Tech Undergraduate - Business Analyst & Business Research Analyst - 2023 (Invite Only),Amazon,"Bengaluru, Karnataka, India",5 hours ago,https://in.linkedin.com/jobs/view/non-tech-undergraduate-business-analyst-business-research-analyst-2023-invite-only-at-amazon-3282268270?refId=qUFJwIc15QkU5DsChWViXw%3D%3D&trackingId=pZ%2BEnvj6D2LKtbBoN%2BE8sg%3D%3D&position=16&pageNum=0&trk=public_jobs_jserp-result_search-card,BA,30-09-2022_10:32:05
Business Operations Analyst,NTT DATA Services,"Bengaluru, Karnataka, India",8 hours ago,https://in.linkedin.com/jobs/view/business-operations-analyst-at-ntt-data-services-3293967006?refId=qUFJwIc15QkU5DsChWViXw%3D%3D&trackingId=xxmSa%2FP0JDTtEp46PkYJ6A%3D%3D&position=17&pageNum=0&trk=public_jobs_jserp-result_search-card,BA,30-09-2022_10:32:05
Business Analyst,Infor,"Hyderabad, Telangana, India",20 hours ago,https://in.linkedin.com/jobs/view/business-analyst-at-infor-3293945260?refId=qUFJwIc15QkU5DsChWViXw%3D%3D&trackingId=HNgnMLvFwRyF428mDamNTg%3D%3D&position=18&pageNum=0&trk=public_jobs_jserp-result_search-card,BA,30-09-2022_10:32:05
Business Analyst,NatWest Group,"Gurgaon, Haryana, India",10 hours ago,https://in.linkedin.com/jobs/view/business-analyst-at-natwest-group-3294839490?refId=qUFJwIc15QkU5DsChWViXw%3D%3D&trackingId=v1LNDiIB4tjUvkWfouvLJg%3D%3D&position=20&pageNum=0&trk=public_jobs_jserp-result_search-card,BA,30-09-2022_10:32:05
Business Analyst - KPO/IT,confidential,"Bengaluru, Karnataka, India",10 hours ago,https://in.linkedin.com/jobs/view/business-analyst-kpo-it-at-confidential-3291334397?refId=qUFJwIc15QkU5DsChWViXw%3D%3D&trackingId=YyplWrqNzgSBt6IUYQQSJA%3D%3D&position=21&pageNum=0&trk=public_jobs_jserp-result_search-card,BA,30-09-2022_10:32:05
Consultant - Business Analyst,MTX Group,India,16 hours ago,https://in.linkedin.com/jobs/view/consultant-business-analyst-at-mtx-group-3290718339?refId=qUFJwIc15QkU5DsChWViXw%3D%3D&trackingId=4i8dcB1%2BqEZj2AqK%2FbhVrQ%3D%3D&position=22&pageNum=0&trk=public_jobs_jserp-result_search-card,BA,30-09-2022_10:32:05
Business analyst,HARMAN International,"Bengaluru, Karnataka, India",12 hours ago,https://in.linkedin.com/jobs/view/business-analyst-at-harman-international-3281783087?refId=qUFJwIc15QkU5DsChWViXw%3D%3D&trackingId=UfnB4RuYYWOCRfhkpp0b9A%3D%3D&position=23&pageNum=0&trk=public_jobs_jserp-result_search-card,BA,30-09-2022_10:32:05
Business Analyst,Intellect Design Arena Ltd,"Chennai, Tamil Nadu, India",20 hours ago,https://in.linkedin.com/jobs/view/business-analyst-at-intellect-design-arena-ltd-3293948307?refId=qUFJwIc15QkU5DsChWViXw%3D%3D&trackingId=Xow2DD%2FKottXggaKQlVtVg%3D%3D&position=24&pageNum=0&trk=public_jobs_jserp-result_search-card,BA,30-09-2022_10:32:05
Senior Business Analyst,Info Origin Inc.,"Bengaluru, Karnataka, India",9 minutes ago,https://in.linkedin.com/jobs/view/senior-business-analyst-at-info-origin-inc-3295324951?refId=qUFJwIc15QkU5DsChWViXw%3D%3D&trackingId=x4OsxPC6aZuvkXtLgnY9Ng%3D%3D&position=25&pageNum=0&trk=public_jobs_jserp-result_search-card,BA,30-09-2022_10:32:05
Business Analyst,LiquiLoans,"Mumbai, Maharashtra, India",14 hours ago,https://in.linkedin.com/jobs/view/business-analyst-at-liquiloans-3281762167?refId=VuwwPl6LxJF2rDqcuAq3qQ%3D%3D&trackingId=uJXW9Rm2VXbrkQOZU1LZ1A%3D%3D&position=4&pageNum=0&trk=public_jobs_jserp-result_search-card,BA,30-09-2022_10:32:05
Business Analyst,TopGear Consultants Pvt Ltd,"Mumbai, Maharashtra, India",11 hours ago,https://in.linkedin.com/jobs/view/business-analyst-at-topgear-consultants-pvt-ltd-3291321881?refId=VuwwPl6LxJF2rDqcuAq3qQ%3D%3D&trackingId=xkLpfgiiwx%2BOo6Cmgxn%2BDw%3D%3D&position=8&pageNum=0&trk=public_jobs_jserp-result_search-card,BA,30-09-2022_10:32:05
Senior Business Analyst,IGT Solutions,"Gurugram, Haryana, India",23 hours ago,https://in.linkedin.com/jobs/view/senior-business-analyst-at-igt-solutions-3290541339?refId=VuwwPl6LxJF2rDqcuAq3qQ%3D%3D&trackingId=f6hU5TcsaYEqt7n6hCeT4w%3D%3D&position=9&pageNum=0&trk=public_jobs_jserp-result_search-card,BA,30-09-2022_10:32:05
Business Analyst,GFL Recruitment Private Limited,"Chennai, Tamil Nadu, India",11 hours ago,https://in.linkedin.com/jobs/view/business-analyst-at-gfl-recruitment-private-limited-3291325405?refId=VuwwPl6LxJF2rDqcuAq3qQ%3D%3D&trackingId=vXulCVvk7wBcSgr3FifvXg%3D%3D&position=11&pageNum=0&trk=public_jobs_jserp-result_search-card,BA,30-09-2022_10:32:05
Business Support Analyst [T500-5055],Talent500,"Gurugram, Haryana, India",22 hours ago,https://in.linkedin.com/jobs/view/business-support-analyst-t500-5055-at-talent500-3293919791?refId=VuwwPl6LxJF2rDqcuAq3qQ%3D%3D&trackingId=x1gRVYp0FuZBT611k84zow%3D%3D&position=19&pageNum=0&trk=public_jobs_jserp-result_search-card,BA,30-09-2022_10:32:05
Business Analyst- CRM,The Goodyear Tire & Rubber Company,"Delhi, Delhi, India",13 hours ago,https://in.linkedin.com/jobs/view/business-analyst-crm-at-the-goodyear-tire-rubber-company-3290772767?refId=VuwwPl6LxJF2rDqcuAq3qQ%3D%3D&trackingId=UNX4ho9UJJSZvk1BDB%2BUDg%3D%3D&position=21&pageNum=0&trk=public_jobs_jserp-result_search-card,BA,30-09-2022_10:32:05
"Business Analyst, AVP",NatWest Group,"Gurgaon, Haryana, India",17 hours ago,https://in.linkedin.com/jobs/view/business-analyst-avp-at-natwest-group-3294274857?refId=VuwwPl6LxJF2rDqcuAq3qQ%3D%3D&trackingId=0SxVJbtRlDQclu1n%2F46rPg%3D%3D&position=24&pageNum=0&trk=public_jobs_jserp-result_search-card,BA,30-09-2022_10:32:05
Bussiness Analyst,WhiteCrow Research,"Mumbai, Maharashtra, India",11 hours ago,https://in.linkedin.com/jobs/view/bussiness-analyst-at-whitecrow-research-3291321352?refId=VuwwPl6LxJF2rDqcuAq3qQ%3D%3D&trackingId=ctGYm3RqKxl6FMqc3lEqOw%3D%3D&position=25&pageNum=0&trk=public_jobs_jserp-result_search-card,BA,30-09-2022_10:32:05
Business Analyst (Product based),VC ERP Consulting,"Ahmedabad, Gujarat, India",15 hours ago,https://in.linkedin.com/jobs/view/business-analyst-product-based-at-vc-erp-consulting-3290754625?refId=S9aFJhKAPFBumvkGySEndQ%3D%3D&trackingId=tZibRUXBR6HXb%2FCbjBLRxQ%3D%3D&position=15&pageNum=0&trk=public_jobs_jserp-result_search-card,BA,30-09-2022_10:32:05
Business Analyst,Shree Nirvighnam Pvt Ltd,"Indore, Madhya Pradesh, India",10 hours ago,https://in.linkedin.com/jobs/view/business-analyst-at-shree-nirvighnam-pvt-ltd-3282220401?refId=S9aFJhKAPFBumvkGySEndQ%3D%3D&trackingId=XG9G4RT0khUzRBq9%2F96PFQ%3D%3D&position=19&pageNum=0&trk=public_jobs_jserp-result_search-card,BA,30-09-2022_10:32:05
Client Success Manager / Business Analyst,dZine-hub,"Chennai, Tamil Nadu, India",15 hours ago,https://in.linkedin.com/jobs/view/client-success-manager-business-analyst-at-dzine-hub-3281730787?refId=S9aFJhKAPFBumvkGySEndQ%3D%3D&trackingId=jdy1%2FJlLlk28535WpcwUqg%3D%3D&position=23&pageNum=0&trk=public_jobs_jserp-result_search-card,BA,30-09-2022_10:32:05
Sr Svcs Business Analyst,Gartner,"Gurgaon, Haryana, India",9 hours ago,https://in.linkedin.com/jobs/view/sr-svcs-business-analyst-at-gartner-3291380414?refId=eppjpfpqtuAzQd15H3Of8w%3D%3D&trackingId=XLaq2Ty7Shlw8JvNfrIgJg%3D%3D&position=21&pageNum=0&trk=public_jobs_jserp-result_search-card,BA,30-09-2022_10:32:05
Senior Business Analyst - Pharma,Hexaware Technologies,"Chennai, Tamil Nadu, India",11 hours ago,https://in.linkedin.com/jobs/view/senior-business-analyst-pharma-at-hexaware-technologies-3294823811?refId=eppjpfpqtuAzQd15H3Of8w%3D%3D&trackingId=mTTO6Fe6CH2gTFhMl2VMqg%3D%3D&position=22&pageNum=0&trk=public_jobs_jserp-result_search-card,BA,30-09-2022_10:32:05
Implementation Business Analyst,Safeguard Global,India,11 hours ago,https://in.linkedin.com/jobs/view/implementation-business-analyst-at-safeguard-global-3294748668?refId=eppjpfpqtuAzQd15H3Of8w%3D%3D&trackingId=Lz4%2Fw2mzPZxlwqBx4cEl%2Bw%3D%3D&position=23&pageNum=0&trk=public_jobs_jserp-result_search-card,BA,30-09-2022_10:32:05
Healthcare Domain - Business Analyst,Infosys,"Bengaluru, Karnataka, India",55 minutes ago,https://in.linkedin.com/jobs/view/healthcare-domain-business-analyst-at-infosys-2988465182?refId=9CtwvwoqXfqaSxVE1WypgA%3D%3D&trackingId=bOnvVMvryGNxOkojmQwk5Q%3D%3D&position=19&pageNum=0&trk=public_jobs_jserp-result_search-card,BA,30-09-2022_10:32:05
Business Analyst - Manufacturing,JB Poindexter & Co,"Bengaluru, Karnataka, India",17 hours ago,https://in.linkedin.com/jobs/view/business-analyst-manufacturing-at-jb-poindexter-co-3290710866?refId=ruEerT2F3u%2Fhh18qim2U4w%3D%3D&trackingId=MZVAH9ou455TbxpahNZpWw%3D%3D&position=17&pageNum=0&trk=public_jobs_jserp-result_search-card,BA,30-09-2022_10:32:05
Business Analyst - Finance (JD Edwards),JB Poindexter & Co,"Bengaluru, Karnataka, India",17 hours ago,https://in.linkedin.com/jobs/view/business-analyst-finance-jd-edwards-at-jb-poindexter-co-3290715165?refId=ruEerT2F3u%2Fhh18qim2U4w%3D%3D&trackingId=2ZtQsky8MCZI2cCQlwnnQg%3D%3D&position=23&pageNum=0&trk=public_jobs_jserp-result_search-card,BA,30-09-2022_10:32:05
Senior Business Analyst,Prime Infosoft (An ISO 9001:2015 Company),"Bengaluru, Karnataka, India",12 hours ago,https://in.linkedin.com/jobs/view/senior-business-analyst-at-prime-infosoft-an-iso-9001-2015-company-3281789369?refId=ruEerT2F3u%2Fhh18qim2U4w%3D%3D&trackingId=kVickXJa3c4rXhV2jAxwtw%3D%3D&position=25&pageNum=0&trk=public_jobs_jserp-result_search-card,BA,30-09-2022_10:32:05
Research Analyst - Strategy,SUN Mobility,"Bengaluru, Karnataka, India",19 hours ago,https://in.linkedin.com/jobs/view/research-analyst-strategy-at-sun-mobility-3290598078?refId=yvSBXU5iMYAkFVdmx5HFow%3D%3D&trackingId=kUDFT1eaMNyTp1jkQ28H%2BA%3D%3D&position=22&pageNum=0&trk=public_jobs_jserp-result_search-card,BA,30-09-2022_10:32:05
DATA ANALYST/BUSINESS ANALYST-P&C Insurance/ Brokerage(EXP-5 TO 8YEARS),CIEL HR,"Mumbai, Maharashtra, India",13 hours ago,https://in.linkedin.com/jobs/view/data-analyst-business-analyst-p-c-insurance-brokerage-exp-5-to-8years-at-ciel-hr-3290779089?refId=nuVpR3NRjWIfvsHhyGCB8A%3D%3D&trackingId=p1SrI%2BL8zRLWjySPsGCgWA%3D%3D&position=1&pageNum=0&trk=public_jobs_jserp-result_search-card,BA,30-09-2022_10:32:05
Investment Banking Business Analyst,Accenture in India,"Bengaluru, Karnataka, India",17 hours ago,https://in.linkedin.com/jobs/view/investment-banking-business-analyst-at-accenture-in-india-3258296676?refId=nuVpR3NRjWIfvsHhyGCB8A%3D%3D&trackingId=7aYoMOTMWvsIMVhp6V9L3w%3D%3D&position=2&pageNum=0&trk=public_jobs_jserp-result_search-card,BA,30-09-2022_10:32:05
Business Analyst / Business Development Manager Sales (International),GFL Recruitment Private Limited,"Jaipur, Rajasthan, India",11 hours ago,https://in.linkedin.com/jobs/view/business-analyst-business-development-manager-sales-international-at-gfl-recruitment-private-limited-3291320762?refId=nuVpR3NRjWIfvsHhyGCB8A%3D%3D&trackingId=MuY521iBHKWrc80FoQayWA%3D%3D&position=3&pageNum=0&trk=public_jobs_jserp-result_search-card,BA,30-09-2022_10:32:05
PKC Advisory - Business Analyst/Consultant,PKC Advisory,"Gurugram, Haryana, India",10 hours ago,https://in.linkedin.com/jobs/view/pkc-advisory-business-analyst-consultant-at-pkc-advisory-3291330625?refId=nuVpR3NRjWIfvsHhyGCB8A%3D%3D&trackingId=NiMLgHudK%2F1v1%2Bz7bVIASQ%3D%3D&position=4&pageNum=0&trk=public_jobs_jserp-result_search-card,BA,30-09-2022_10:32:05
Senior Business Analyst (REMOTE),GFL Recruitment Private Limited,"Ahmedabad, Gujarat, India",11 hours ago,https://in.linkedin.com/jobs/view/senior-business-analyst-remote-at-gfl-recruitment-private-limited-3291324270?refId=nuVpR3NRjWIfvsHhyGCB8A%3D%3D&trackingId=1sAK2TJpLnhbqSJfqfMR6Q%3D%3D&position=5&pageNum=0&trk=public_jobs_jserp-result_search-card,BA,30-09-2022_10:32:05
Business Applications Finance Analyst,Ford Motor Company,"Chennai, Tamil Nadu, India",14 hours ago,https://in.linkedin.com/jobs/view/business-applications-finance-analyst-at-ford-motor-company-3231888896?refId=nuVpR3NRjWIfvsHhyGCB8A%3D%3D&trackingId=mxKdTA1NL8%2BPs0Y9Lz8okA%3D%3D&position=6&pageNum=0&trk=public_jobs_jserp-result_search-card,BA,30-09-2022_10:32:05
LiquiLoans - Senior Business Analyst,LiquiLoans,"Mumbai, Maharashtra, India",10 hours ago,https://in.linkedin.com/jobs/view/liquiloans-senior-business-analyst-at-liquiloans-3291332444?refId=nuVpR3NRjWIfvsHhyGCB8A%3D%3D&trackingId=RwvF4bKAfhGOG3bxMzfNhQ%3D%3D&position=7&pageNum=0&trk=public_jobs_jserp-result_search-card,BA,30-09-2022_10:32:05
Quality Analyst,GFL Recruitment Private Limited,"Bengaluru, Karnataka, India",11 hours ago,https://in.linkedin.com/jobs/view/quality-analyst-at-gfl-recruitment-private-limited-3291324437?refId=nuVpR3NRjWIfvsHhyGCB8A%3D%3D&trackingId=spsHlSxbhF6KttMTM6rRCg%3D%3D&position=8&pageNum=0&trk=public_jobs_jserp-result_search-card,BA,30-09-2022_10:32:05
Sr Business Development Analyst,"Ameriprise Financial Services, LLC","Gurgaon, Haryana, India",18 hours ago,https://in.linkedin.com/jobs/view/sr-business-development-analyst-at-ameriprise-financial-services-llc-3281725717?refId=nuVpR3NRjWIfvsHhyGCB8A%3D%3D&trackingId=xUzelohx1tf2rVOz12LJ%2BQ%3D%3D&position=12&pageNum=0&trk=public_jobs_jserp-result_search-card,BA,30-09-2022_10:32:05
Operations Analyst,TechnoScience (Domnic Lewis International LLC),"Bengaluru, Karnataka, India",11 hours ago,https://in.linkedin.com/jobs/view/operations-analyst-at-technoscience-domnic-lewis-international-llc-3291324276?refId=nuVpR3NRjWIfvsHhyGCB8A%3D%3D&trackingId=VW%2BZn6lvxzR1VVilxrAzpw%3D%3D&position=13&pageNum=0&trk=public_jobs_jserp-result_search-card,BA,30-09-2022_10:32:05
Consulting Analyst,Spaulding Ridge,"Jaipur, Rajasthan, India",14 hours ago,https://in.linkedin.com/jobs/view/consulting-analyst-at-spaulding-ridge-3294676597?refId=nuVpR3NRjWIfvsHhyGCB8A%3D%3D&trackingId=W8FGcXAwXWP8joumApSUmA%3D%3D&position=14&pageNum=0&trk=public_jobs_jserp-result_search-card,BA,30-09-2022_10:32:05
Global Market Operations - Collateral and Margin - Analyst - Bengaluru,Goldman Sachs,"Bengaluru, Karnataka, India",18 hours ago,https://in.linkedin.com/jobs/view/global-market-operations-collateral-and-margin-analyst-bengaluru-at-goldman-sachs-3257435948?refId=nuVpR3NRjWIfvsHhyGCB8A%3D%3D&trackingId=lGw5q0Pe9I1IMrtyXIL%2BbA%3D%3D&position=16&pageNum=0&trk=public_jobs_jserp-result_search-card,BA,30-09-2022_10:32:05
"Analyst, Financial Operations",Magnit,"Vadodara, Gujarat, India",18 hours ago,https://in.linkedin.com/jobs/view/analyst-financial-operations-at-magnit-3257306057?refId=nuVpR3NRjWIfvsHhyGCB8A%3D%3D&trackingId=t4HTDPX0Bmr6sqiGW35Qzg%3D%3D&position=17&pageNum=0&trk=public_jobs_jserp-result_search-card,BA,30-09-2022_10:32:05
Senior Analyst - Data Analysis,SmartAnalyst,"Gurugram, Haryana, India",13 hours ago,https://in.linkedin.com/jobs/view/senior-analyst-data-analysis-at-smartanalyst-3294680389?refId=nuVpR3NRjWIfvsHhyGCB8A%3D%3D&trackingId=xHtYaSbcGT6o61jophCPOg%3D%3D&position=18&pageNum=0&trk=public_jobs_jserp-result_search-card,BA,30-09-2022_10:32:05
Business Writer,WyattPrism Communications Pvt Ltd,"Kolkata, West Bengal, India",23 hours ago,https://in.linkedin.com/jobs/view/business-writer-at-wyattprism-communications-pvt-ltd-3280909034?refId=nuVpR3NRjWIfvsHhyGCB8A%3D%3D&trackingId=CE14aSXXtNZ%2BPjAY%2BNxcyg%3D%3D&position=20&pageNum=0&trk=public_jobs_jserp-result_search-card,BA,30-09-2022_10:32:05
State Street - Senior Analyst - Trading Analytics,Statestreet,"Bengaluru, Karnataka, India",10 hours ago,https://in.linkedin.com/jobs/view/state-street-senior-analyst-trading-analytics-at-statestreet-3291331618?refId=nuVpR3NRjWIfvsHhyGCB8A%3D%3D&trackingId=EmV6MBhy%2Ffcyni3hL%2BxAZg%3D%3D&position=21&pageNum=0&trk=public_jobs_jserp-result_search-card,BA,30-09-2022_10:32:05
Jr Quality Analyst,PINKVILLA,"Mumbai, Maharashtra, India",23 hours ago,https://in.linkedin.com/jobs/view/jr-quality-analyst-at-pinkvilla-3280911927?refId=nuVpR3NRjWIfvsHhyGCB8A%3D%3D&trackingId=9jzLR5Fb8Bs8BVIjpsiJ5w%3D%3D&position=22&pageNum=0&trk=public_jobs_jserp-result_search-card,BA,30-09-2022_10:32:05
P2 - Senior Analyst,Carrier,"Hyderabad, Telangana, India",14 hours ago,https://in.linkedin.com/jobs/view/p2-senior-analyst-at-carrier-3290758870?refId=nuVpR3NRjWIfvsHhyGCB8A%3D%3D&trackingId=mRY0MW4ZTlbrBtj8likQsw%3D%3D&position=24&pageNum=0&trk=public_jobs_jserp-result_search-card,BA,30-09-2022_10:32:05
US External Audit,Multinational Company,"Mumbai, Maharashtra, India",3 hours ago,https://in.linkedin.com/jobs/view/us-external-audit-at-multinational-company-3291640331?refId=nuVpR3NRjWIfvsHhyGCB8A%3D%3D&trackingId=0RicScE16Ur%2F4ugoMqC2Kg%3D%3D&position=25&pageNum=0&trk=public_jobs_jserp-result_search-card,BA,30-09-2022_10:32:05
Business Analyst,GFL Recruitment Private Limited,"Bhopal, Madhya Pradesh, India",11 hours ago,https://in.linkedin.com/jobs/view/business-analyst-at-gfl-recruitment-private-limited-3291319867?refId=Nnga6QREptn8rvoejdqRew%3D%3D&trackingId=bia%2BFQercmXeGvoidMx6og%3D%3D&position=24&pageNum=0&trk=public_jobs_jserp-result_search-card,BA,30-09-2022_10:32:05
Frontend Developer,Infiniti Research Ltd.,"Bengaluru, Karnataka, India",23 hours ago,https://in.linkedin.com/jobs/view/frontend-developer-at-infiniti-research-ltd-3280909522?refId=h6%2BymaW5PAvS6OW7QaEs%2FQ%3D%3D&trackingId=j7wDGv%2FIuxEiueR1qAc8Gg%3D%3D&position=1&pageNum=0&trk=public_jobs_jserp-result_search-card,FSD,30-09-2022_10:32:05
Front End Developer,Techno8ive Inn Pvt. Ltd.,"Noida, Uttar Pradesh, India",11 hours ago,https://in.linkedin.com/jobs/view/front-end-developer-at-techno8ive-inn-pvt-ltd-3291323743?refId=h6%2BymaW5PAvS6OW7QaEs%2FQ%3D%3D&trackingId=8rckTi8xzsERuawvCf3e1w%3D%3D&position=2&pageNum=0&trk=public_jobs_jserp-result_search-card,FSD,30-09-2022_10:32:05
Frontend Developer,Ajmera Infotech Inc.,"Bengaluru, Karnataka, India",16 hours ago,https://in.linkedin.com/jobs/view/frontend-developer-at-ajmera-infotech-inc-3290731939?refId=h6%2BymaW5PAvS6OW7QaEs%2FQ%3D%3D&trackingId=MUAySSaPR3jzNoAQ4SzSKQ%3D%3D&position=3&pageNum=0&trk=public_jobs_jserp-result_search-card,FSD,30-09-2022_10:32:05
Frontend Developer,Pankhuri,"Bengaluru, Karnataka, India",14 hours ago,https://in.linkedin.com/jobs/view/frontend-developer-at-pankhuri-3281759389?refId=h6%2BymaW5PAvS6OW7QaEs%2FQ%3D%3D&trackingId=cg3myF1Tm5cAUBhvZB7AxA%3D%3D&position=4&pageNum=0&trk=public_jobs_jserp-result_search-card,FSD,30-09-2022_10:32:05
Frontend Developer,ThoughtSpot,"Thiruvananthapuram, Kerala, India",18 hours ago,https://in.linkedin.com/jobs/view/frontend-developer-at-thoughtspot-3290599809?refId=h6%2BymaW5PAvS6OW7QaEs%2FQ%3D%3D&trackingId=Id3rxrAuzomS%2B89MJbZcRQ%3D%3D&position=5&pageNum=0&trk=public_jobs_jserp-result_search-card,FSD,30-09-2022_10:32:05
Software Engineer,TankUp,"Lucknow, Uttar Pradesh, India",14 hours ago,https://in.linkedin.com/jobs/view/software-engineer-at-tankup-3281758407?refId=h6%2BymaW5PAvS6OW7QaEs%2FQ%3D%3D&trackingId=nI8vhaUzVPbaKMMjAFhZRQ%3D%3D&position=6&pageNum=0&trk=public_jobs_jserp-result_search-card,FSD,30-09-2022_10:32:05
Web Developer,Black Box,"Bengaluru, Karnataka, India",17 hours ago,https://in.linkedin.com/jobs/view/web-developer-at-black-box-3290708944?refId=h6%2BymaW5PAvS6OW7QaEs%2FQ%3D%3D&trackingId=lklkQLP%2Bul%2F6yczTaLHqGw%3D%3D&position=7&pageNum=0&trk=public_jobs_jserp-result_search-card,FSD,30-09-2022_10:32:05
Web Developer,WhiteCrow Research,"Punjab, India",11 hours ago,https://in.linkedin.com/jobs/view/web-developer-at-whitecrow-research-3291319537?refId=h6%2BymaW5PAvS6OW7QaEs%2FQ%3D%3D&trackingId=asvmlj5aFjsJRy2Dst9tIg%3D%3D&position=8&pageNum=0&trk=public_jobs_jserp-result_search-card,FSD,30-09-2022_10:32:05
HTML Developer,ShakeDeal,"Bengaluru, Karnataka, India",21 hours ago,https://in.linkedin.com/jobs/view/html-developer-at-shakedeal-3280929705?refId=h6%2BymaW5PAvS6OW7QaEs%2FQ%3D%3D&trackingId=coyz%2B6xPuRMRHFcQGDacbA%3D%3D&position=9&pageNum=0&trk=public_jobs_jserp-result_search-card,FSD,30-09-2022_10:32:05
Front End Developer – ReactJS,Infoparks Kerala,"Kochi, Kerala, India",6 hours ago,https://in.linkedin.com/jobs/view/front-end-developer-%E2%80%93-reactjs-at-infoparks-kerala-3291608561?refId=h6%2BymaW5PAvS6OW7QaEs%2FQ%3D%3D&trackingId=Q8VZNw9%2FQMrlocKOwkO4hg%3D%3D&position=10&pageNum=0&trk=public_jobs_jserp-result_search-card,FSD,30-09-2022_10:32:05
Frontend Developer - Html5/css3,PESHR,"New Delhi, Delhi, India",11 hours ago,https://in.linkedin.com/jobs/view/frontend-developer-html5-css3-at-peshr-3291320887?refId=h6%2BymaW5PAvS6OW7QaEs%2FQ%3D%3D&trackingId=sIxucW1YPiDRU4fK4knt5Q%3D%3D&position=11&pageNum=0&trk=public_jobs_jserp-result_search-card,FSD,30-09-2022_10:32:05
Frontend Developer,Entitled Solutions,"Mumbai, Maharashtra, India",14 hours ago,https://in.linkedin.com/jobs/view/frontend-developer-at-entitled-solutions-3281762165?refId=h6%2BymaW5PAvS6OW7QaEs%2FQ%3D%3D&trackingId=KZeqw9nT%2FDrqonJTbJWpkw%3D%3D&position=12&pageNum=0&trk=public_jobs_jserp-result_search-card,FSD,30-09-2022_10:32:05
Frontend Developer - Html5/css3,PESHR,"Gurgaon, Haryana, India",11 hours ago,https://in.linkedin.com/jobs/view/frontend-developer-html5-css3-at-peshr-3291323690?refId=h6%2BymaW5PAvS6OW7QaEs%2FQ%3D%3D&trackingId=7bknMmzx79B7Yxa7fZJ%2BDw%3D%3D&position=13&pageNum=0&trk=public_jobs_jserp-result_search-card,FSD,30-09-2022_10:32:05
Frontend Developer,Cradlewise Inc.,"Bengaluru, Karnataka, India",19 hours ago,https://in.linkedin.com/jobs/view/frontend-developer-at-cradlewise-inc-3290596461?refId=h6%2BymaW5PAvS6OW7QaEs%2FQ%3D%3D&trackingId=7JC81ZmBfAUas1z%2FiRaJwQ%3D%3D&position=14&pageNum=0&trk=public_jobs_jserp-result_search-card,FSD,30-09-2022_10:32:05
Java Developers,Infoparks Kerala,"Kochi, Kerala, India",6 hours ago,https://in.linkedin.com/jobs/view/java-developers-at-infoparks-kerala-3291610459?refId=h6%2BymaW5PAvS6OW7QaEs%2FQ%3D%3D&trackingId=nFURAtatrIWMzSS8TDnodA%3D%3D&position=15&pageNum=0&trk=public_jobs_jserp-result_search-card,FSD,30-09-2022_10:32:05
Web Developer,INFOVIRTECH PVT. LTD.,India,12 minutes ago,https://in.linkedin.com/jobs/view/web-developer-at-infovirtech-pvt-ltd-3295328270?refId=h6%2BymaW5PAvS6OW7QaEs%2FQ%3D%3D&trackingId=Bi3eaxprSODkvnRO4aoZ9A%3D%3D&position=16&pageNum=0&trk=public_jobs_jserp-result_search-card,FSD,30-09-2022_10:32:05
Python Developer(Fresher),Training  Basket,"Uttar Pradesh, India",12 hours ago,https://in.linkedin.com/jobs/view/python-developer-fresher-at-training-basket-3290795530?refId=h6%2BymaW5PAvS6OW7QaEs%2FQ%3D%3D&trackingId=pXBmhwUaN4rnnNkGkLTgAQ%3D%3D&position=17&pageNum=0&trk=public_jobs_jserp-result_search-card,FSD,30-09-2022_10:32:05
Front End Developer,Gyde,"Pune, Maharashtra, India",20 hours ago,https://in.linkedin.com/jobs/view/front-end-developer-at-gyde-3289606141?refId=h6%2BymaW5PAvS6OW7QaEs%2FQ%3D%3D&trackingId=vtMd%2BWywM4hpeCsD8ZRRBQ%3D%3D&position=18&pageNum=0&trk=public_jobs_jserp-result_search-card,FSD,30-09-2022_10:32:05
Frontend Developer,e-Hireo,"Bengaluru, Karnataka, India",12 hours ago,https://in.linkedin.com/jobs/view/frontend-developer-at-e-hireo-3281788376?refId=h6%2BymaW5PAvS6OW7QaEs%2FQ%3D%3D&trackingId=n9naB7CbTOmQoVYSalueWg%3D%3D&position=19&pageNum=0&trk=public_jobs_jserp-result_search-card,FSD,30-09-2022_10:32:05
Web Developer,Swoosh.Space,India,39 minutes ago,https://in.linkedin.com/jobs/view/web-developer-at-swoosh-space-3295318328?refId=h6%2BymaW5PAvS6OW7QaEs%2FQ%3D%3D&trackingId=ymTJC4yNU%2FYR06c5nYlceA%3D%3D&position=20&pageNum=0&trk=public_jobs_jserp-result_search-card,FSD,30-09-2022_10:32:05
Front End Developer,Unique Placements Indore,"Indore, Madhya Pradesh, India",11 hours ago,https://in.linkedin.com/jobs/view/front-end-developer-at-unique-placements-indore-3291322404?refId=h6%2BymaW5PAvS6OW7QaEs%2FQ%3D%3D&trackingId=aY8jB%2B3olJK2LDMILhdh9A%3D%3D&position=21&pageNum=0&trk=public_jobs_jserp-result_search-card,FSD,30-09-2022_10:32:05
Front-End Developer,GFL Recruitment Private Limited,"Pune, Maharashtra, India",11 hours ago,https://in.linkedin.com/jobs/view/front-end-developer-at-gfl-recruitment-private-limited-3291324339?refId=h6%2BymaW5PAvS6OW7QaEs%2FQ%3D%3D&trackingId=MuFCXfrQcADv53HEKOkxOA%3D%3D&position=22&pageNum=0&trk=public_jobs_jserp-result_search-card,FSD,30-09-2022_10:32:05
Web Developer,P.S International HR Consultants,"Pune, Maharashtra, India",11 hours ago,https://in.linkedin.com/jobs/view/web-developer-at-p-s-international-hr-consultants-3291326488?refId=h6%2BymaW5PAvS6OW7QaEs%2FQ%3D%3D&trackingId=XYjquGxLtY1F6JhI2f07WA%3D%3D&position=23&pageNum=0&trk=public_jobs_jserp-result_search-card,FSD,30-09-2022_10:32:05
Full Stack Engineer,UST,"Bengaluru, Karnataka, India",22 hours ago,https://in.linkedin.com/jobs/view/full-stack-engineer-at-ust-3280914219?refId=h6%2BymaW5PAvS6OW7QaEs%2FQ%3D%3D&trackingId=FycH5osDyMt81X%2BNMcKN9w%3D%3D&position=24&pageNum=0&trk=public_jobs_jserp-result_search-card,FSD,30-09-2022_10:32:05
Client Technology-Front End Developer,EY,"Hyderabad, Telangana, India",15 hours ago,https://in.linkedin.com/jobs/view/client-technology-front-end-developer-at-ey-3258668176?refId=lnMLjtaBa0o2IyJCEAyI0w%3D%3D&trackingId=eAk%2FX%2FoUiqmkK6a90OJM6Q%3D%3D&position=1&pageNum=0&trk=public_jobs_jserp-result_search-card,FSD,30-09-2022_10:32:05
Client Technology-Front End Developer,EY,"Kochi, Kerala, India",18 hours ago,https://in.linkedin.com/jobs/view/client-technology-front-end-developer-at-ey-3258665609?refId=lnMLjtaBa0o2IyJCEAyI0w%3D%3D&trackingId=IcJoqgqgqFUwPdAJ0oi%2Bjg%3D%3D&position=2&pageNum=0&trk=public_jobs_jserp-result_search-card,FSD,30-09-2022_10:32:05
Client Technology-Front End Developer,EY,"Trivandrum, Kerala, India",18 hours ago,https://in.linkedin.com/jobs/view/client-technology-front-end-developer-at-ey-3258666523?refId=lnMLjtaBa0o2IyJCEAyI0w%3D%3D&trackingId=8QEzSH8lX39yAFqlF%2BTD1w%3D%3D&position=3&pageNum=0&trk=public_jobs_jserp-result_search-card,FSD,30-09-2022_10:32:05
Full Stack Engineer,HeyCoach,India,3 minutes ago,https://in.linkedin.com/jobs/view/full-stack-engineer-at-heycoach-3283315196?refId=lnMLjtaBa0o2IyJCEAyI0w%3D%3D&trackingId=Gq7Uyo3e%2Bz9Clhla3lgJ5w%3D%3D&position=4&pageNum=0&trk=public_jobs_jserp-result_search-card,FSD,30-09-2022_10:32:05
Full Stack Engineer,Neo Aid,India,5 minutes ago,https://in.linkedin.com/jobs/view/full-stack-engineer-at-neo-aid-3291663596?refId=lnMLjtaBa0o2IyJCEAyI0w%3D%3D&trackingId=Huhb%2Fc1nLwNl%2Fu40fsjABA%3D%3D&position=7&pageNum=0&trk=public_jobs_jserp-result_search-card,FSD,30-09-2022_10:32:05
Front End Developer,Siemens Technology India,"Chennai, Tamil Nadu, India",19 hours ago,https://in.linkedin.com/jobs/view/front-end-developer-at-siemens-technology-india-3256809157?refId=lnMLjtaBa0o2IyJCEAyI0w%3D%3D&trackingId=Z%2BZoiFNxzgtFU%2B6FpW6ZZA%3D%3D&position=8&pageNum=0&trk=public_jobs_jserp-result_search-card,FSD,30-09-2022_10:32:05
Junior Java Developer,Workflexi,"Bengaluru, Karnataka, India",27 minutes ago,https://in.linkedin.com/jobs/view/junior-java-developer-at-workflexi-3283312164?refId=lnMLjtaBa0o2IyJCEAyI0w%3D%3D&trackingId=XCAv0n203LN2b795R9MSLw%3D%3D&position=9&pageNum=0&trk=public_jobs_jserp-result_search-card,FSD,30-09-2022_10:32:05
ReactJS Developer,Truelancer.com,India,12 minutes ago,https://in.linkedin.com/jobs/view/reactjs-developer-at-truelancer-com-3295329076?refId=lnMLjtaBa0o2IyJCEAyI0w%3D%3D&trackingId=P9j1mz3cOFlhz5dEO8zDOw%3D%3D&position=10&pageNum=0&trk=public_jobs_jserp-result_search-card,FSD,30-09-2022_10:32:05
Software Developer [Full stack] - MENA Technology,EY,"Kochi, Kerala, India",17 hours ago,https://in.linkedin.com/jobs/view/software-developer-full-stack-mena-technology-at-ey-3251381046?refId=lnMLjtaBa0o2IyJCEAyI0w%3D%3D&trackingId=J6JNTc7S3qH%2BcuEdH1AI0w%3D%3D&position=11&pageNum=0&trk=public_jobs_jserp-result_search-card,FSD,30-09-2022_10:32:05
Full Stack Developer ( Web ),ThriveTec Private Limited,"Bengaluru, Karnataka, India",1 minute ago,https://in.linkedin.com/jobs/view/full-stack-developer-web-at-thrivetec-private-limited-3291666382?refId=lnMLjtaBa0o2IyJCEAyI0w%3D%3D&trackingId=NMIWc1GJBG5x1x2GGLwH1A%3D%3D&position=12&pageNum=0&trk=public_jobs_jserp-result_search-card,FSD,30-09-2022_10:32:05
Frontend Developer (ReactJs),Zelp,India,16 minutes ago,https://in.linkedin.com/jobs/view/frontend-developer-reactjs-at-zelp-3283310677?refId=lnMLjtaBa0o2IyJCEAyI0w%3D%3D&trackingId=j4R9TJIM0DiElZWbOSc5VA%3D%3D&position=13&pageNum=0&trk=public_jobs_jserp-result_search-card,FSD,30-09-2022_10:32:05
Frontend Developer Intern,Entropik Tech,"Bengaluru, Karnataka, India",19 hours ago,https://in.linkedin.com/jobs/view/frontend-developer-intern-at-entropik-tech-3281716129?refId=lnMLjtaBa0o2IyJCEAyI0w%3D%3D&trackingId=Y9CAzcAXFQouatBX98Xvgw%3D%3D&position=16&pageNum=0&trk=public_jobs_jserp-result_search-card,FSD,30-09-2022_10:32:05
Application Front end Developer,Hexaware Technologies,"Pune, Maharashtra, India",11 hours ago,https://in.linkedin.com/jobs/view/application-front-end-developer-at-hexaware-technologies-3294821952?refId=lnMLjtaBa0o2IyJCEAyI0w%3D%3D&trackingId=aSgLtAXJehUuKSK6AJo3Ug%3D%3D&position=17&pageNum=0&trk=public_jobs_jserp-result_search-card,FSD,30-09-2022_10:32:05
Front End Developer,Hitachi Vantara,"Hyderabad, Telangana, India",19 hours ago,https://in.linkedin.com/jobs/view/front-end-developer-at-hitachi-vantara-3256925123?refId=lnMLjtaBa0o2IyJCEAyI0w%3D%3D&trackingId=eWj2A76DN2x8ZLNoc0cFxw%3D%3D&position=18&pageNum=0&trk=public_jobs_jserp-result_search-card,FSD,30-09-2022_10:32:05
Frontend Developer,Reward360 Global Services Pvt Ltd.,"Bengaluru, Karnataka, India",4 minutes ago,https://in.linkedin.com/jobs/view/frontend-developer-at-reward360-global-services-pvt-ltd-3283315184?refId=lnMLjtaBa0o2IyJCEAyI0w%3D%3D&trackingId=Ipq7pSz%2FEG1fKXXib%2BjGDQ%3D%3D&position=20&pageNum=0&trk=public_jobs_jserp-result_search-card,FSD,30-09-2022_10:32:05
Fullstack Developer,OptimHire,"Bengaluru, Karnataka, India",1 hour ago,https://in.linkedin.com/jobs/view/fullstack-developer-at-optimhire-3283302616?refId=lnMLjtaBa0o2IyJCEAyI0w%3D%3D&trackingId=NbWs96zUoV6SxvZAT0g1Kg%3D%3D&position=21&pageNum=0&trk=public_jobs_jserp-result_search-card,FSD,30-09-2022_10:32:05
Frontend Developer,Kaara,India,53 minutes ago,https://in.linkedin.com/jobs/view/frontend-developer-at-kaara-3283306305?refId=lnMLjtaBa0o2IyJCEAyI0w%3D%3D&trackingId=z%2FcM6sA45Qvt3Xu3A2po4A%3D%3D&position=22&pageNum=0&trk=public_jobs_jserp-result_search-card,FSD,30-09-2022_10:32:05
Senior Web Developer,Neophyte Consulting Services,"Indore, Madhya Pradesh, India",1 minute ago,https://in.linkedin.com/jobs/view/senior-web-developer-at-neophyte-consulting-services-3283306895?refId=lnMLjtaBa0o2IyJCEAyI0w%3D%3D&trackingId=aIlpJ1jesZjhVERTX9RCrg%3D%3D&position=23&pageNum=0&trk=public_jobs_jserp-result_search-card,FSD,30-09-2022_10:32:05
Client Technology-Front End Developer,EY,"Pune, Maharashtra, India",18 hours ago,https://in.linkedin.com/jobs/view/client-technology-front-end-developer-at-ey-3258666522?refId=lrzjLCthaxchwwkSnnPr9g%3D%3D&trackingId=roXjFtOgx6LfG9DYVKFtQg%3D%3D&position=1&pageNum=0&trk=public_jobs_jserp-result_search-card,FSD,30-09-2022_10:32:05
Web Developer,Purview Digital,"Mumbai, Maharashtra, India",17 hours ago,https://in.linkedin.com/jobs/view/web-developer-at-purview-digital-3294265993?refId=lrzjLCthaxchwwkSnnPr9g%3D%3D&trackingId=%2FuhfLQIvxFya4GqBNFucbQ%3D%3D&position=5&pageNum=0&trk=public_jobs_jserp-result_search-card,FSD,30-09-2022_10:32:05
Full Stack Engineer,Tekraa Management Services Private Limited,"Bengaluru, Karnataka, India",17 hours ago,https://in.linkedin.com/jobs/view/full-stack-engineer-at-tekraa-management-services-private-limited-3281732319?refId=lrzjLCthaxchwwkSnnPr9g%3D%3D&trackingId=mHjvoogtY%2FMAr87QWZwJ%2FQ%3D%3D&position=15&pageNum=0&trk=public_jobs_jserp-result_search-card,FSD,30-09-2022_10:32:05
Web Developer,Skillmine Technology Consulting,India,1 hour ago,https://in.linkedin.com/jobs/view/web-developer-at-skillmine-technology-consulting-3286603481?refId=lrzjLCthaxchwwkSnnPr9g%3D%3D&trackingId=ZnpavJodusm5%2F7%2FQqSD%2FGQ%3D%3D&position=20&pageNum=0&trk=public_jobs_jserp-result_search-card,FSD,30-09-2022_10:32:05
Client Technology-Front End Developer,EY,"Bengaluru, Karnataka, India",18 hours ago,https://in.linkedin.com/jobs/view/client-technology-front-end-developer-at-ey-3258668177?refId=nItk61bKGhBzE7WOiey4tg%3D%3D&trackingId=NVDU%2BFDqyEKUu8n9gbftRQ%3D%3D&position=1&pageNum=0&trk=public_jobs_jserp-result_search-card,FSD,30-09-2022_10:32:05
Full-stack Developer,leap.club,India,6 minutes ago,https://in.linkedin.com/jobs/view/full-stack-developer-at-leap-club-3283311634?refId=%2BzbOllG22i%2B3o6RKIkS1mA%3D%3D&trackingId=zSTINb2z587c%2Fm41NFW7Gw%3D%3D&position=18&pageNum=0&trk=public_jobs_jserp-result_search-card,FSD,30-09-2022_10:32:05
Front-end Developer,Designway,"Panaji, Goa, India",2 hours ago,https://in.linkedin.com/jobs/view/front-end-developer-at-designway-3295187722?refId=%2BzbOllG22i%2B3o6RKIkS1mA%3D%3D&trackingId=LV1cArlluQXm8WT2Tqempw%3D%3D&position=19&pageNum=0&trk=public_jobs_jserp-result_search-card,FSD,30-09-2022_10:32:05
Full Stack Engineer,unScript.ai,"Bengaluru, Karnataka, India",1 day ago,https://in.linkedin.com/jobs/view/full-stack-engineer-at-unscript-ai-3280907020?refId=%2BzbOllG22i%2B3o6RKIkS1mA%3D%3D&trackingId=bKSnfkF991DUhXhkGFeL9Q%3D%3D&position=21&pageNum=0&trk=public_jobs_jserp-result_search-card,FSD,30-09-2022_10:32:05
Software Engineer - ReactJS,Bristlecone,"Mumbai, Maharashtra, India",11 hours ago,https://in.linkedin.com/jobs/view/software-engineer-reactjs-at-bristlecone-3291323552?refId=%2BzbOllG22i%2B3o6RKIkS1mA%3D%3D&trackingId=tNpgN8NvdWrPWHGdFA8ULg%3D%3D&position=22&pageNum=0&trk=public_jobs_jserp-result_search-card,FSD,30-09-2022_10:32:05
Frontend Engineer,Ventuno Technologies (P) Ltd,"Chennai, Tamil Nadu, India",2 hours ago,https://in.linkedin.com/jobs/view/frontend-engineer-at-ventuno-technologies-p-ltd-3282288595?refId=%2BzbOllG22i%2B3o6RKIkS1mA%3D%3D&trackingId=68J%2B2yYFfnltFX5%2Bb9vRNw%3D%3D&position=23&pageNum=0&trk=public_jobs_jserp-result_search-card,FSD,30-09-2022_10:32:05
Full Stack Developer,DeMons,India,8 hours ago,https://in.linkedin.com/jobs/view/full-stack-developer-at-demons-3282247106?refId=4uWkq%2F13iPvzNkadoyp4zA%3D%3D&trackingId=p8ijJ8JXiQgARmJK3cCIwQ%3D%3D&position=18&pageNum=0&trk=public_jobs_jserp-result_search-card,FSD,30-09-2022_10:32:05
Python Fullstack Developer,Persistent Systems,"Pune, Maharashtra, India",16 hours ago,https://in.linkedin.com/jobs/view/python-fullstack-developer-at-persistent-systems-3290728869?refId=4uWkq%2F13iPvzNkadoyp4zA%3D%3D&trackingId=wRKmNGk4tTXmDKqr6W4Meg%3D%3D&position=21&pageNum=0&trk=public_jobs_jserp-result_search-card,FSD,30-09-2022_10:32:05
Frontend Developer,Talentz.AI,India,22 hours ago,https://in.linkedin.com/jobs/view/frontend-developer-at-talentz-ai-3290553848?refId=lGTFsoZRvD2IMoqk%2BTj7CA%3D%3D&trackingId=055VCKGfF1az0%2BfX4UUeOw%3D%3D&position=19&pageNum=0&trk=public_jobs_jserp-result_search-card,FSD,30-09-2022_10:32:05
Frontend Developer,Rentickle,"Gurugram, Haryana, India",21 hours ago,https://in.linkedin.com/jobs/view/frontend-developer-at-rentickle-3290558789?refId=lGTFsoZRvD2IMoqk%2BTj7CA%3D%3D&trackingId=QiKrmHvp1k7dTFUZOII1Hw%3D%3D&position=20&pageNum=0&trk=public_jobs_jserp-result_search-card,FSD,30-09-2022_10:32:05
Frontend Developer Intern,Entropik Tech,"Chennai, Tamil Nadu, India",19 hours ago,https://in.linkedin.com/jobs/view/frontend-developer-intern-at-entropik-tech-3281713387?refId=lGTFsoZRvD2IMoqk%2BTj7CA%3D%3D&trackingId=3MRRh4jTnrszlezLd7%2BEeA%3D%3D&position=25&pageNum=0&trk=public_jobs_jserp-result_search-card,FSD,30-09-2022_10:32:05
Reubro International - Frontend Developer - Javascript/HTML/CSS,Reubro International,"Kochi, Kerala, India",12 hours ago,https://in.linkedin.com/jobs/view/reubro-international-frontend-developer-javascript-html-css-at-reubro-international-3281786698?refId=RKYbq9ofZdIctisimrJqeQ%3D%3D&trackingId=G1fys79a80puNsonR%2F%2FZjw%3D%3D&position=14&pageNum=0&trk=public_jobs_jserp-result_search-card,FSD,30-09-2022_10:32:05
Backend Engineer,ThoughtSpot,"Thiruvananthapuram, Kerala, India",17 hours ago,https://in.linkedin.com/jobs/view/backend-engineer-at-thoughtspot-3187628374?refId=RKYbq9ofZdIctisimrJqeQ%3D%3D&trackingId=JyxoRxM%2Bl1%2BDrCCkqbn%2BaQ%3D%3D&position=17&pageNum=0&trk=public_jobs_jserp-result_search-card,FSD,30-09-2022_10:32:05
Web Developer,Mapshore Consultants LLP,"Kozhikode, Kerala, India",18 hours ago,https://in.linkedin.com/jobs/view/web-developer-at-mapshore-consultants-llp-3290703330?refId=RKYbq9ofZdIctisimrJqeQ%3D%3D&trackingId=8O4I4WsreOSZFbb6jlJoiQ%3D%3D&position=23&pageNum=0&trk=public_jobs_jserp-result_search-card,FSD,30-09-2022_10:32:05
Web Developer,DLYFT INDIA LLP,"Rohtak, Haryana, India",21 hours ago,https://in.linkedin.com/jobs/view/web-developer-at-dlyft-india-llp-3248173908?refId=RKYbq9ofZdIctisimrJqeQ%3D%3D&trackingId=DteOb%2BielxRF3HFIhpFqIg%3D%3D&position=24&pageNum=0&trk=public_jobs_jserp-result_search-card,FSD,30-09-2022_10:32:05
Full-stack Developer,The AI Matters,India,3 hours ago,https://in.linkedin.com/jobs/view/full-stack-developer-at-the-ai-matters-3291639265?refId=GUsgDgfhuCGPD4PcREpl5g%3D%3D&trackingId=58DCCPeYz4%2FYe%2BMXyS6Ffw%3D%3D&position=19&pageNum=0&trk=public_jobs_jserp-result_search-card,FSD,30-09-2022_10:32:05
Front-End Developer,GFL Recruitment Private Limited,"Ahmedabad, Gujarat, India",11 hours ago,https://in.linkedin.com/jobs/view/front-end-developer-at-gfl-recruitment-private-limited-3291324353?refId=GU16W4t4ZER4K1%2FB6E1oKA%3D%3D&trackingId=jFMzdzu70w91WUEd9yeEyQ%3D%3D&position=22&pageNum=0&trk=public_jobs_jserp-result_search-card,FSD,30-09-2022_10:32:05
Front-End Developer,GFL Recruitment Private Limited,"Noida, Uttar Pradesh, India",11 hours ago,https://in.linkedin.com/jobs/view/front-end-developer-at-gfl-recruitment-private-limited-3291319765?refId=GU16W4t4ZER4K1%2FB6E1oKA%3D%3D&trackingId=YeML%2FFEsaO3ytPEPs5umDQ%3D%3D&position=23&pageNum=0&trk=public_jobs_jserp-result_search-card,FSD,30-09-2022_10:32:05
Front-End Developer,GFL Recruitment Private Limited,"Mumbai, Maharashtra, India",11 hours ago,https://in.linkedin.com/jobs/view/front-end-developer-at-gfl-recruitment-private-limited-3291320650?refId=GU16W4t4ZER4K1%2FB6E1oKA%3D%3D&trackingId=MR7K%2FmIOBCUQ7vhkL4Aqqw%3D%3D&position=25&pageNum=0&trk=public_jobs_jserp-result_search-card,FSD,30-09-2022_10:32:05
Java Developer,Talent Basket,"Bengaluru, Karnataka, India",12 minutes ago,https://in.linkedin.com/jobs/view/java-developer-at-talent-basket-3283308946?refId=Vn6%2FrmLz%2F%2FcF3tTL8clN0Q%3D%3D&trackingId=7WHVZNKxHMZzfTfyRj8TfQ%3D%3D&position=1&pageNum=0&trk=public_jobs_jserp-result_search-card,FSD,30-09-2022_10:32:05
Web Developer,Pixelmattic,India,22 hours ago,https://in.linkedin.com/jobs/view/web-developer-at-pixelmattic-3280912808?refId=Vn6%2FrmLz%2F%2FcF3tTL8clN0Q%3D%3D&trackingId=vT96PlHRUncPljlQFHeGGA%3D%3D&position=2&pageNum=0&trk=public_jobs_jserp-result_search-card,FSD,30-09-2022_10:32:05
Full Stack Developer,Adroit Learning And Manpower Pvt. Ltd.,"Bengaluru, Karnataka, India",11 hours ago,https://in.linkedin.com/jobs/view/full-stack-developer-at-adroit-learning-and-manpower-pvt-ltd-3291319896?refId=Vn6%2FrmLz%2F%2FcF3tTL8clN0Q%3D%3D&trackingId=j8Ql7VQoVq%2B6t0T%2FuEB52Q%3D%3D&position=3&pageNum=0&trk=public_jobs_jserp-result_search-card,FSD,30-09-2022_10:32:05
Java Full Stack developer,Infosys,"Bengaluru, Karnataka, India",1 hour ago,https://in.linkedin.com/jobs/view/java-full-stack-developer-at-infosys-3155822622?refId=Vn6%2FrmLz%2F%2FcF3tTL8clN0Q%3D%3D&trackingId=Jpq%2FHwcpbTfuyNyqHAZUBA%3D%3D&position=4&pageNum=0&trk=public_jobs_jserp-result_search-card,FSD,30-09-2022_10:32:05
Frontend Developer,Ultimez Technology Pvt Ltd,"Hubli, Karnataka, India",1 hour ago,https://in.linkedin.com/jobs/view/frontend-developer-at-ultimez-technology-pvt-ltd-3295302316?refId=Vn6%2FrmLz%2F%2FcF3tTL8clN0Q%3D%3D&trackingId=%2FmSaq6kOlLp6VqguVk2TlQ%3D%3D&position=5&pageNum=0&trk=public_jobs_jserp-result_search-card,FSD,30-09-2022_10:32:05
Full Stack Developer,Applicantz,India,16 hours ago,https://in.linkedin.com/jobs/view/full-stack-developer-at-applicantz-3294549080?refId=Vn6%2FrmLz%2F%2FcF3tTL8clN0Q%3D%3D&trackingId=LsbXSQ%2FrgaWEDMfXbXvhrA%3D%3D&position=6&pageNum=0&trk=public_jobs_jserp-result_search-card,FSD,30-09-2022_10:32:05
Full Stack Engineer / Developer,Kognitiv Inc.,India,18 hours ago,https://in.linkedin.com/jobs/view/full-stack-engineer-developer-at-kognitiv-inc-3258526393?refId=Vn6%2FrmLz%2F%2FcF3tTL8clN0Q%3D%3D&trackingId=VtRKEok1veOBHUaeaKgLFg%3D%3D&position=7&pageNum=0&trk=public_jobs_jserp-result_search-card,FSD,30-09-2022_10:32:05
Full-Stack Developer,JB Poindexter & Co,"Bengaluru, Karnataka, India",17 hours ago,https://in.linkedin.com/jobs/view/full-stack-developer-at-jb-poindexter-co-3290714283?refId=Vn6%2FrmLz%2F%2FcF3tTL8clN0Q%3D%3D&trackingId=jCgVOtqmqLhM5Rxfj1SY5A%3D%3D&position=8&pageNum=0&trk=public_jobs_jserp-result_search-card,FSD,30-09-2022_10:32:05
Front-End Developer,GFL Recruitment Private Limited,"Chennai, Tamil Nadu, India",11 hours ago,https://in.linkedin.com/jobs/view/front-end-developer-at-gfl-recruitment-private-limited-3291322431?refId=Vn6%2FrmLz%2F%2FcF3tTL8clN0Q%3D%3D&trackingId=2xpzMA1dLty9%2Fbn07xfVxA%3D%3D&position=10&pageNum=0&trk=public_jobs_jserp-result_search-card,FSD,30-09-2022_10:32:05
Fullstack Developer (React.js & Python),Giant Eagle GCC,"Bengaluru, Karnataka, India",11 hours ago,https://in.linkedin.com/jobs/view/fullstack-developer-react-js-python-at-giant-eagle-gcc-3291316921?refId=Vn6%2FrmLz%2F%2FcF3tTL8clN0Q%3D%3D&trackingId=Buox8UTDf4M3K%2Bi7etAemA%3D%3D&position=13&pageNum=0&trk=public_jobs_jserp-result_search-card,FSD,30-09-2022_10:32:05
Full Stack Developer (.NET) / REMOTE,GFL Recruitment Private Limited,"Mumbai, Maharashtra, India",11 hours ago,https://in.linkedin.com/jobs/view/full-stack-developer-net-remote-at-gfl-recruitment-private-limited-3291326606?refId=Vn6%2FrmLz%2F%2FcF3tTL8clN0Q%3D%3D&trackingId=tgA6FeuMozvlzuWfXC4nZg%3D%3D&position=17&pageNum=0&trk=public_jobs_jserp-result_search-card,FSD,30-09-2022_10:32:05
PAN INDIA FRONT END DEVELOPER,GFL Recruitment Private Limited,"Gurgaon, Haryana, India",10 hours ago,https://in.linkedin.com/jobs/view/pan-india-front-end-developer-at-gfl-recruitment-private-limited-3291328806?refId=Vn6%2FrmLz%2F%2FcF3tTL8clN0Q%3D%3D&trackingId=itasKgKXPVaCcFMiO6oTAQ%3D%3D&position=18&pageNum=0&trk=public_jobs_jserp-result_search-card,FSD,30-09-2022_10:32:05
Full Stack Engineer,Talent Corner HR Services Pvt Ltd,"Bengaluru, Karnataka, India",20 hours ago,https://in.linkedin.com/jobs/view/full-stack-engineer-at-talent-corner-hr-services-pvt-ltd-3281702836?refId=Vn6%2FrmLz%2F%2FcF3tTL8clN0Q%3D%3D&trackingId=UETLhxS%2BWx1e%2BbRsqIJNIA%3D%3D&position=20&pageNum=0&trk=public_jobs_jserp-result_search-card,FSD,30-09-2022_10:32:05
Dot Net full stack developer,"Conquest Tech Solutions, Inc.","Pune, Maharashtra, India",17 hours ago,https://in.linkedin.com/jobs/view/dot-net-full-stack-developer-at-conquest-tech-solutions-inc-3294271530?refId=Vn6%2FrmLz%2F%2FcF3tTL8clN0Q%3D%3D&trackingId=W63U8Fdq56puDCVmmE0fgQ%3D%3D&position=21&pageNum=0&trk=public_jobs_jserp-result_search-card,FSD,30-09-2022_10:32:05
Full Stack Engineer,A2K,Greater Hyderabad Area,14 hours ago,https://in.linkedin.com/jobs/view/full-stack-engineer-at-a2k-3294630739?refId=Vn6%2FrmLz%2F%2FcF3tTL8clN0Q%3D%3D&trackingId=h3yiqWs9rLRuHso6SXpCzQ%3D%3D&position=23&pageNum=0&trk=public_jobs_jserp-result_search-card,FSD,30-09-2022_10:32:05
Front-End Developer,GFL Recruitment Private Limited,"Bengaluru, Karnataka, India",11 hours ago,https://in.linkedin.com/jobs/view/front-end-developer-at-gfl-recruitment-private-limited-3291323407?refId=Vn6%2FrmLz%2F%2FcF3tTL8clN0Q%3D%3D&trackingId=EeV8br%2BeUfn0jEZHMf1ObA%3D%3D&position=24&pageNum=0&trk=public_jobs_jserp-result_search-card,FSD,30-09-2022_10:32:05
Web Developer,PESHR,"Jaipur, Rajasthan, India",11 hours ago,https://in.linkedin.com/jobs/view/web-developer-at-peshr-3291324692?refId=Vn6%2FrmLz%2F%2FcF3tTL8clN0Q%3D%3D&trackingId=R%2BJSrcBLT2lHf6WWwgWfWQ%3D%3D&position=25&pageNum=0&trk=public_jobs_jserp-result_search-card,FSD,30-09-2022_10:32:05
Associate Product Manager,American Express,"Gurgaon, Haryana, India",19 hours ago,https://in.linkedin.com/jobs/view/associate-product-manager-at-american-express-3281709794?refId=KLbEf507C8H%2BXA3qGDTB%2FQ%3D%3D&trackingId=csM3EhyQTM4GM2UKGjIl5g%3D%3D&position=1&pageNum=0&trk=public_jobs_jserp-result_search-card,PM,30-09-2022_10:32:05
Product Manager,Eduauraa,"Mumbai, Maharashtra, India",11 minutes ago,https://in.linkedin.com/jobs/view/product-manager-at-eduauraa-3283313012?refId=KLbEf507C8H%2BXA3qGDTB%2FQ%3D%3D&trackingId=S%2BSe4jedKxJ6PcjtFN0DLw%3D%3D&position=2&pageNum=0&trk=public_jobs_jserp-result_search-card,PM,30-09-2022_10:32:05
Product Manager,MNR Solutions Pvt. Ltd.,"Noida, Uttar Pradesh, India",45 minutes ago,https://in.linkedin.com/jobs/view/product-manager-at-mnr-solutions-pvt-ltd-3279725389?refId=KLbEf507C8H%2BXA3qGDTB%2FQ%3D%3D&trackingId=%2FjCAk%2F8HdhQyV3QAyNDVVQ%3D%3D&position=3&pageNum=0&trk=public_jobs_jserp-result_search-card,PM,30-09-2022_10:32:05
Edutech Product Manager,Emprise HR,"Mumbai, Maharashtra, India",13 hours ago,https://in.linkedin.com/jobs/view/edutech-product-manager-at-emprise-hr-3294711454?refId=KLbEf507C8H%2BXA3qGDTB%2FQ%3D%3D&trackingId=qvRhiN5c8J2jsruw%2BsRxiw%3D%3D&position=4&pageNum=0&trk=public_jobs_jserp-result_search-card,PM,30-09-2022_10:32:05
Product Manager - Mobile (or) Internet Banking,Qween Network LLP,"Mumbai, Maharashtra, India",22 hours ago,https://in.linkedin.com/jobs/view/product-manager-mobile-or-internet-banking-at-qween-network-llp-3290557630?refId=KLbEf507C8H%2BXA3qGDTB%2FQ%3D%3D&trackingId=5eEK%2BUy8kyFwJvbqIA2DzA%3D%3D&position=5&pageNum=0&trk=public_jobs_jserp-result_search-card,PM,30-09-2022_10:32:05
Product Manager 2,Microsoft,"Hyderabad, Telangana, India",13 hours ago,https://in.linkedin.com/jobs/view/product-manager-2-at-microsoft-3290773554?refId=KLbEf507C8H%2BXA3qGDTB%2FQ%3D%3D&trackingId=AhSRUkiEdcCjJdJQSW2%2BPQ%3D%3D&position=6&pageNum=0&trk=public_jobs_jserp-result_search-card,PM,30-09-2022_10:32:05
Product Manager,InfiHire,"Gurugram, Haryana, India",12 hours ago,https://in.linkedin.com/jobs/view/product-manager-at-infihire-3281786703?refId=KLbEf507C8H%2BXA3qGDTB%2FQ%3D%3D&trackingId=6Rr6txdQcTdgkJVYlH1Z%2BA%3D%3D&position=7&pageNum=0&trk=public_jobs_jserp-result_search-card,PM,30-09-2022_10:32:05
Product Manager - Inbox,Yellow.ai,"Bengaluru, Karnataka, India",13 hours ago,https://in.linkedin.com/jobs/view/product-manager-inbox-at-yellow-ai-3281772975?refId=KLbEf507C8H%2BXA3qGDTB%2FQ%3D%3D&trackingId=DfMgga%2FzWZZImmQL8KRXiw%3D%3D&position=8&pageNum=0&trk=public_jobs_jserp-result_search-card,PM,30-09-2022_10:32:05
Product Manager,Kolorr,"Mumbai, Maharashtra, India",1 hour ago,https://in.linkedin.com/jobs/view/product-manager-at-kolorr-3283300799?refId=KLbEf507C8H%2BXA3qGDTB%2FQ%3D%3D&trackingId=UCSJ4rnh5agL2mA8uuhnQg%3D%3D&position=10&pageNum=0&trk=public_jobs_jserp-result_search-card,PM,30-09-2022_10:32:05
Product Manager,Siemens Technology India,"Thane, Maharashtra, India",10 hours ago,https://in.linkedin.com/jobs/view/product-manager-at-siemens-technology-india-3294794130?refId=KLbEf507C8H%2BXA3qGDTB%2FQ%3D%3D&trackingId=NMZ2JZZ9OTpsxGNQCLModg%3D%3D&position=11&pageNum=0&trk=public_jobs_jserp-result_search-card,PM,30-09-2022_10:32:05
Transaction Banking - Digital Product Manager,Goldman Sachs,"Bengaluru, Karnataka, India",18 hours ago,https://in.linkedin.com/jobs/view/transaction-banking-digital-product-manager-at-goldman-sachs-2972335350?refId=KLbEf507C8H%2BXA3qGDTB%2FQ%3D%3D&trackingId=%2FS%2FKoaMSS1DUUQ4OCZ92uA%3D%3D&position=12&pageNum=0&trk=public_jobs_jserp-result_search-card,PM,30-09-2022_10:32:05
Tracxn - Associate Product Manager - APM - B2B - SaaS Product,Tracxn,"Bengaluru, Karnataka, India",12 hours ago,https://in.linkedin.com/jobs/view/tracxn-associate-product-manager-apm-b2b-saas-product-at-tracxn-3281785776?refId=KLbEf507C8H%2BXA3qGDTB%2FQ%3D%3D&trackingId=9nUgndb0n2o35zNQwLh%2Blw%3D%3D&position=13&pageNum=0&trk=public_jobs_jserp-result_search-card,PM,30-09-2022_10:32:05
Manager- Product Specialist,Gilbarco Veeder-Root India,"Mumbai, Maharashtra, India",18 minutes ago,https://in.linkedin.com/jobs/view/manager-product-specialist-at-gilbarco-veeder-root-india-3283308768?refId=KLbEf507C8H%2BXA3qGDTB%2FQ%3D%3D&trackingId=RpIBxRNqh%2FWdI%2F%2FuEY8vag%3D%3D&position=14&pageNum=0&trk=public_jobs_jserp-result_search-card,PM,30-09-2022_10:32:05
Product Manager,Airmeet,"Bengaluru, Karnataka, India",14 hours ago,https://in.linkedin.com/jobs/view/product-manager-at-airmeet-3281755601?refId=KLbEf507C8H%2BXA3qGDTB%2FQ%3D%3D&trackingId=0YrCPfu5VwJTrrUyx2ANKg%3D%3D&position=15&pageNum=0&trk=public_jobs_jserp-result_search-card,PM,30-09-2022_10:32:05
Product Manager,SoftSensor.ai,"Jaipur, Rajasthan, India",3 hours ago,https://in.linkedin.com/jobs/view/product-manager-at-softsensor-ai-3294263133?refId=KLbEf507C8H%2BXA3qGDTB%2FQ%3D%3D&trackingId=hXdHRsg4C2E7BLXYmFXiBA%3D%3D&position=16&pageNum=0&trk=public_jobs_jserp-result_search-card,PM,30-09-2022_10:32:05
Product Manager - Website,Qween Network LLP,"Mumbai, Maharashtra, India",22 hours ago,https://in.linkedin.com/jobs/view/product-manager-website-at-qween-network-llp-3290556567?refId=KLbEf507C8H%2BXA3qGDTB%2FQ%3D%3D&trackingId=L0Y9OOgb9NNS9cqSEbxsLQ%3D%3D&position=17&pageNum=0&trk=public_jobs_jserp-result_search-card,PM,30-09-2022_10:32:05
Product Manager CNS,Abbott,"Mumbai, Maharashtra, India",17 hours ago,https://in.linkedin.com/jobs/view/product-manager-cns-at-abbott-3294261082?refId=KLbEf507C8H%2BXA3qGDTB%2FQ%3D%3D&trackingId=KWstSA74uKd2wApDH6DYSg%3D%3D&position=18&pageNum=0&trk=public_jobs_jserp-result_search-card,PM,30-09-2022_10:32:05
Product Manager,The D. E. Shaw Group,"Bengaluru, Karnataka, India",14 hours ago,https://in.linkedin.com/jobs/view/product-manager-at-the-d-e-shaw-group-3281757754?refId=KLbEf507C8H%2BXA3qGDTB%2FQ%3D%3D&trackingId=kFB6dgDRCa9BKhDCGFE0tQ%3D%3D&position=19&pageNum=0&trk=public_jobs_jserp-result_search-card,PM,30-09-2022_10:32:05
Technical Product Manager,ADP,"Chennai, Tamil Nadu, India",1 hour ago,https://in.linkedin.com/jobs/view/technical-product-manager-at-adp-3264770674?refId=KLbEf507C8H%2BXA3qGDTB%2FQ%3D%3D&trackingId=vMAewUl5UD6YJqfVMRxlTQ%3D%3D&position=20&pageNum=0&trk=public_jobs_jserp-result_search-card,PM,30-09-2022_10:32:05
Technical Product Manager,Unlearn,"Gurugram, Haryana, India",44 minutes ago,https://in.linkedin.com/jobs/view/technical-product-manager-at-unlearn-3282236128?refId=KLbEf507C8H%2BXA3qGDTB%2FQ%3D%3D&trackingId=7Qh4kT8PJsWjJIAP7%2BoZiw%3D%3D&position=21&pageNum=0&trk=public_jobs_jserp-result_search-card,PM,30-09-2022_10:32:05
Technical Product Manager-62227J,ADP,"Chennai, Tamil Nadu, India",1 hour ago,https://in.linkedin.com/jobs/view/technical-product-manager-62227j-at-adp-3275607563?refId=KLbEf507C8H%2BXA3qGDTB%2FQ%3D%3D&trackingId=u3VX%2FJM4MQPa1TkKPyfmyg%3D%3D&position=22&pageNum=0&trk=public_jobs_jserp-result_search-card,PM,30-09-2022_10:32:05
Associate Product Manager,VMock,"Gurgaon, Haryana, India",14 hours ago,https://in.linkedin.com/jobs/view/associate-product-manager-at-vmock-3281759392?refId=KLbEf507C8H%2BXA3qGDTB%2FQ%3D%3D&trackingId=RjhEYfuwUSVnSyteGsCkPw%3D%3D&position=23&pageNum=0&trk=public_jobs_jserp-result_search-card,PM,30-09-2022_10:32:05
Product Manager,DailyRounds / Marrow,"Bengaluru North, Karnataka, India",14 hours ago,https://in.linkedin.com/jobs/view/product-manager-at-dailyrounds-marrow-3290763203?refId=KLbEf507C8H%2BXA3qGDTB%2FQ%3D%3D&trackingId=%2FKHs1MjIYAT9UFCO3%2Fmb8A%3D%3D&position=24&pageNum=0&trk=public_jobs_jserp-result_search-card,PM,30-09-2022_10:32:05
Product Manager,Kotak811,"Mumbai, Maharashtra, India",19 hours ago,https://in.linkedin.com/jobs/view/product-manager-at-kotak811-3294038838?refId=5lkfMstWHtw9p4v4Jx8Jzg%3D%3D&trackingId=frB4W1KdZ5srSflPE%2FcMbg%3D%3D&position=1&pageNum=0&trk=public_jobs_jserp-result_search-card,PM,30-09-2022_10:32:05
Assistant Product Manager(APM),IndiaMART InterMESH Limited,India,17 hours ago,https://in.linkedin.com/jobs/view/assistant-product-manager-apm-at-indiamart-intermesh-limited-3247506838?refId=5lkfMstWHtw9p4v4Jx8Jzg%3D%3D&trackingId=K5ZN6RY%2FIXWjP5H9KWWXgA%3D%3D&position=2&pageNum=0&trk=public_jobs_jserp-result_search-card,PM,30-09-2022_10:32:05
Associate Product Manager - Predictor,Brightly,"Noida, Uttar Pradesh, India",18 hours ago,https://in.linkedin.com/jobs/view/associate-product-manager-predictor-at-brightly-3157123152?refId=5lkfMstWHtw9p4v4Jx8Jzg%3D%3D&trackingId=zD96oi1KtG32mjuFUjedLA%3D%3D&position=6&pageNum=0&trk=public_jobs_jserp-result_search-card,PM,30-09-2022_10:32:05
Product Manager (Tech) - Central Tech Platform,Meesho,"Bengaluru, Karnataka, India",18 hours ago,https://in.linkedin.com/jobs/view/product-manager-tech-central-tech-platform-at-meesho-3281717918?refId=5lkfMstWHtw9p4v4Jx8Jzg%3D%3D&trackingId=mYI3SwNGn9SJNfx95bq0Yg%3D%3D&position=19&pageNum=0&trk=public_jobs_jserp-result_search-card,PM,30-09-2022_10:32:05
Unstop - Product Manager,Unstop (formerly Dare2Compete),"Delhi, Delhi, India",10 hours ago,https://in.linkedin.com/jobs/view/unstop-product-manager-at-unstop-formerly-dare2compete-3291332445?refId=5lkfMstWHtw9p4v4Jx8Jzg%3D%3D&trackingId=qL6FCtCK86vMnJVXtTUOFw%3D%3D&position=22&pageNum=0&trk=public_jobs_jserp-result_search-card,PM,30-09-2022_10:32:05
Product Manager,"Milestone Technologies, Inc.","Hyderabad, Telangana, India",20 hours ago,https://in.linkedin.com/jobs/view/product-manager-at-milestone-technologies-inc-3290569741?refId=5lkfMstWHtw9p4v4Jx8Jzg%3D%3D&trackingId=53dtTQX1ajZFDMzYAXc7SQ%3D%3D&position=23&pageNum=0&trk=public_jobs_jserp-result_search-card,PM,30-09-2022_10:32:05
Sr. Node.js Developer,Altorum Leren Pvt. Ltd.,"Bengaluru, Karnataka, India",16 hours ago,https://in.linkedin.com/jobs/view/sr-node-js-developer-at-altorum-leren-pvt-ltd-3290564390?refId=jkCMYxJVZtTDyo4C1jfBHQ%3D%3D&trackingId=kdgmHVHacH90ufFG7c93qw%3D%3D&position=1&pageNum=0&trk=public_jobs_jserp-result_search-card,SD,30-09-2022_10:32:05
"Open Source Technology Senior Software Engineer - Java, AWS",EPAM Systems,"Bengaluru, Karnataka, India",17 hours ago,https://in.linkedin.com/jobs/view/open-source-technology-senior-software-engineer-java-aws-at-epam-systems-3290708691?refId=jkCMYxJVZtTDyo4C1jfBHQ%3D%3D&trackingId=1uumpGBXhM0C3VFXBaibGw%3D%3D&position=2&pageNum=0&trk=public_jobs_jserp-result_search-card,SD,30-09-2022_10:32:05
PHP Developer,Resource Development Effort Group,"Chennai, Tamil Nadu, India",2 hours ago,https://in.linkedin.com/jobs/view/php-developer-at-resource-development-effort-group-3282292259?refId=jkCMYxJVZtTDyo4C1jfBHQ%3D%3D&trackingId=x%2FbZY%2FOZqqkjjLNplTOt1Q%3D%3D&position=3&pageNum=0&trk=public_jobs_jserp-result_search-card,SD,30-09-2022_10:32:05
SAP ABAP Developer,Infosys,"Bengaluru, Karnataka, India",18 hours ago,https://in.linkedin.com/jobs/view/sap-abap-developer-at-infosys-3154678608?refId=jkCMYxJVZtTDyo4C1jfBHQ%3D%3D&trackingId=dnwWpooTkBbe%2FZhqW3kZjw%3D%3D&position=4&pageNum=0&trk=public_jobs_jserp-result_search-card,SD,30-09-2022_10:32:05
SAP ABAP Developer,Infosys,"Hyderabad, Telangana, India",19 hours ago,https://in.linkedin.com/jobs/view/sap-abap-developer-at-infosys-3154679500?refId=jkCMYxJVZtTDyo4C1jfBHQ%3D%3D&trackingId=Q0XL%2BA3a6bQsGP8K%2FZOfpw%3D%3D&position=5&pageNum=0&trk=public_jobs_jserp-result_search-card,SD,30-09-2022_10:32:05
STAFF SW APPLICATIONS ENGINEER (8084) - Backend Development,Extreme Networks,"Bengaluru, Karnataka, India",19 hours ago,https://in.linkedin.com/jobs/view/staff-sw-applications-engineer-8084-backend-development-at-extreme-networks-3226212480?refId=jkCMYxJVZtTDyo4C1jfBHQ%3D%3D&trackingId=Y22CI5E90hMiDBNgnm3jwQ%3D%3D&position=6&pageNum=0&trk=public_jobs_jserp-result_search-card,SD,30-09-2022_10:32:05
Principal Engineer,"Alvaria, Inc.","Bengaluru, Karnataka, India",9 hours ago,https://in.linkedin.com/jobs/view/principal-engineer-at-alvaria-inc-3278782623?refId=jkCMYxJVZtTDyo4C1jfBHQ%3D%3D&trackingId=aGD79gCE5OYnSlb59YjHCQ%3D%3D&position=7&pageNum=0&trk=public_jobs_jserp-result_search-card,SD,30-09-2022_10:32:05
Game Designer,Vedic Sadhana Foundation,India,14 hours ago,https://in.linkedin.com/jobs/view/game-designer-at-vedic-sadhana-foundation-3290755723?refId=jkCMYxJVZtTDyo4C1jfBHQ%3D%3D&trackingId=nXlA%2B6fA24755VsL81MNtA%3D%3D&position=8&pageNum=0&trk=public_jobs_jserp-result_search-card,SD,30-09-2022_10:32:05
Back End Developer,Bird Software Solutions,"Noida, Uttar Pradesh, India",16 hours ago,https://in.linkedin.com/jobs/view/back-end-developer-at-bird-software-solutions-3285676250?refId=jkCMYxJVZtTDyo4C1jfBHQ%3D%3D&trackingId=NJrlKLUZ8adjLZkQ83udUQ%3D%3D&position=9&pageNum=0&trk=public_jobs_jserp-result_search-card,SD,30-09-2022_10:32:05
Sr Full Stack Developer,OptimHire,"Trivandrum, Kerala, India",11 hours ago,https://in.linkedin.com/jobs/view/sr-full-stack-developer-at-optimhire-3282200678?refId=jkCMYxJVZtTDyo4C1jfBHQ%3D%3D&trackingId=yiaddgYQuAFUuOMegwc1ig%3D%3D&position=10&pageNum=0&trk=public_jobs_jserp-result_search-card,SD,30-09-2022_10:32:05
SR QA SW ENGINEER (8090) - Layer2/Layer3 Protocol Testing,Extreme Networks,"Chennai, Tamil Nadu, India",18 hours ago,https://in.linkedin.com/jobs/view/sr-qa-sw-engineer-8090-layer2-layer3-protocol-testing-at-extreme-networks-3227111243?refId=jkCMYxJVZtTDyo4C1jfBHQ%3D%3D&trackingId=RR2OLZQpfpeAClx4CU4dqA%3D%3D&position=11&pageNum=0&trk=public_jobs_jserp-result_search-card,SD,30-09-2022_10:32:05
Frontend Developer Specialist (WFH),Uplers,"Kolkata, West Bengal, India",23 hours ago,https://in.linkedin.com/jobs/view/frontend-developer-specialist-wfh-at-uplers-3293464051?refId=jkCMYxJVZtTDyo4C1jfBHQ%3D%3D&trackingId=xNuSUTV4RTUrH%2FRNXt%2BWsA%3D%3D&position=12&pageNum=0&trk=public_jobs_jserp-result_search-card,SD,30-09-2022_10:32:05
Dotnet Developer,Foxiom Leads Pvt Ltd,"Kozhikode, Kerala, India",20 hours ago,https://in.linkedin.com/jobs/view/dotnet-developer-at-foxiom-leads-pvt-ltd-3281705434?refId=jkCMYxJVZtTDyo4C1jfBHQ%3D%3D&trackingId=KFwvYEky7gMu4qgyYuzADQ%3D%3D&position=13&pageNum=0&trk=public_jobs_jserp-result_search-card,SD,30-09-2022_10:32:05
Senior Full Stack Developer,iamneo (Formerly Examly),"Coimbatore, Tamil Nadu, India",22 hours ago,https://in.linkedin.com/jobs/view/senior-full-stack-developer-at-iamneo-formerly-examly-3290556463?refId=jkCMYxJVZtTDyo4C1jfBHQ%3D%3D&trackingId=NTuwRscMWB5K9Wpi5zx4YA%3D%3D&position=14&pageNum=0&trk=public_jobs_jserp-result_search-card,SD,30-09-2022_10:32:05
Software Engineer(C++/C#),Essig PLM,"Chennai, Tamil Nadu, India",14 hours ago,https://in.linkedin.com/jobs/view/software-engineer-c%2B%2B-c%23-at-essig-plm-3294552071?refId=jkCMYxJVZtTDyo4C1jfBHQ%3D%3D&trackingId=hAw5%2BNN8Mm3OAG0o2J0Zlg%3D%3D&position=15&pageNum=0&trk=public_jobs_jserp-result_search-card,SD,30-09-2022_10:32:05
Java Software Engineer,Nascent Info Technologies,"Ahmedabad, Gujarat, India",17 hours ago,https://in.linkedin.com/jobs/view/java-software-engineer-at-nascent-info-technologies-3289284972?refId=jkCMYxJVZtTDyo4C1jfBHQ%3D%3D&trackingId=fX7G6wERVVOx899GP6LBng%3D%3D&position=16&pageNum=0&trk=public_jobs_jserp-result_search-card,SD,30-09-2022_10:32:05
Ruby on Rails Developer - Full Stack Technologies,Seanergy Digital,"Hyderabad, Telangana, India",12 hours ago,https://in.linkedin.com/jobs/view/ruby-on-rails-developer-full-stack-technologies-at-seanergy-digital-3281784739?refId=jkCMYxJVZtTDyo4C1jfBHQ%3D%3D&trackingId=0bguA%2FnHNGLZ2%2Ft1l0lx6A%3D%3D&position=17&pageNum=0&trk=public_jobs_jserp-result_search-card,SD,30-09-2022_10:32:05
React.Js Developer,Truelancer.com,India,46 minutes ago,https://in.linkedin.com/jobs/view/react-js-developer-at-truelancer-com-3295316399?refId=jkCMYxJVZtTDyo4C1jfBHQ%3D%3D&trackingId=vTUXxCoccutMRMdy2Yocwg%3D%3D&position=18&pageNum=0&trk=public_jobs_jserp-result_search-card,SD,30-09-2022_10:32:05
Frontend Developer,Cradlewise Inc.,"Bengaluru, Karnataka, India",19 hours ago,https://in.linkedin.com/jobs/view/frontend-developer-at-cradlewise-inc-3290596461?refId=jkCMYxJVZtTDyo4C1jfBHQ%3D%3D&trackingId=3pu2XCztEXu2O6Qh3lHnNA%3D%3D&position=19&pageNum=0&trk=public_jobs_jserp-result_search-card,SD,30-09-2022_10:32:05
.Net Full Stack Development Application Developer,Accenture in India,"Bengaluru, Karnataka, India",17 hours ago,https://in.linkedin.com/jobs/view/net-full-stack-development-application-developer-at-accenture-in-india-3258296813?refId=jkCMYxJVZtTDyo4C1jfBHQ%3D%3D&trackingId=u8X%2BJd%2Bx03OEz4uGVSDfWQ%3D%3D&position=20&pageNum=0&trk=public_jobs_jserp-result_search-card,SD,30-09-2022_10:32:05
iOS Developer,Phantom Smart Solutions,"Chennai, Tamil Nadu, India",21 hours ago,https://in.linkedin.com/jobs/view/ios-developer-at-phantom-smart-solutions-3280926968?refId=jkCMYxJVZtTDyo4C1jfBHQ%3D%3D&trackingId=Qe5kBMkbsW7ZUNgekpYk8Q%3D%3D&position=21&pageNum=0&trk=public_jobs_jserp-result_search-card,SD,30-09-2022_10:32:05
Dotnet Developer,FV Creations,"Chennai, Tamil Nadu, India",23 minutes ago,https://in.linkedin.com/jobs/view/dotnet-developer-at-fv-creations-3281727712?refId=jkCMYxJVZtTDyo4C1jfBHQ%3D%3D&trackingId=ulHilHURVYZ%2Fuvh24k2wkw%3D%3D&position=22&pageNum=0&trk=public_jobs_jserp-result_search-card,SD,30-09-2022_10:32:05
Frontend Developer Specialist (WFH),Uplers,"Delhi, India",23 hours ago,https://in.linkedin.com/jobs/view/frontend-developer-specialist-wfh-at-uplers-3293459800?refId=jkCMYxJVZtTDyo4C1jfBHQ%3D%3D&trackingId=c%2FXV60jJNIBC98FjUcDyeg%3D%3D&position=23&pageNum=0&trk=public_jobs_jserp-result_search-card,SD,30-09-2022_10:32:05
"Software Engineer, I",Zebra Technologies,"Pune, Maharashtra, India",18 hours ago,https://in.linkedin.com/jobs/view/software-engineer-i-at-zebra-technologies-3225387417?refId=aiAXNG4LkB0ZMhXvp7EIag%3D%3D&trackingId=kVWVhAU8WU%2F2d9auhx124Q%3D%3D&position=1&pageNum=0&trk=public_jobs_jserp-result_search-card,SD,30-09-2022_10:32:05
Software Development Engineer - I,Junglee Games,"Gurugram, Haryana, India",19 hours ago,https://in.linkedin.com/jobs/view/software-development-engineer-i-at-junglee-games-3294211980?refId=aiAXNG4LkB0ZMhXvp7EIag%3D%3D&trackingId=dJOXb2HQxeoY8Wd1jSj%2F6w%3D%3D&position=2&pageNum=0&trk=public_jobs_jserp-result_search-card,SD,30-09-2022_10:32:05
Data Engineer Fresher,Audi India,"New Delhi, Delhi, India",9 hours ago,https://in.linkedin.com/jobs/view/data-engineer-fresher-at-audi-india-3282231323?refId=aiAXNG4LkB0ZMhXvp7EIag%3D%3D&trackingId=V6C887XvJEqzx5QF32Z8DQ%3D%3D&position=3&pageNum=0&trk=public_jobs_jserp-result_search-card,SD,30-09-2022_10:32:05
"HTML, CSS, Javascript Developer",Infosys,"Pune, Maharashtra, India",18 hours ago,https://in.linkedin.com/jobs/view/html-css-javascript-developer-at-infosys-3155367314?refId=aiAXNG4LkB0ZMhXvp7EIag%3D%3D&trackingId=rHU%2B%2Fv7kAF1CB005Pj8TdA%3D%3D&position=4&pageNum=0&trk=public_jobs_jserp-result_search-card,SD,30-09-2022_10:32:05
Data Engineer,PwC India,"Bengaluru, Karnataka, India",19 hours ago,https://in.linkedin.com/jobs/view/data-engineer-at-pwc-india-3281714600?refId=aiAXNG4LkB0ZMhXvp7EIag%3D%3D&trackingId=0ffUlQ%2BsuBULPFNwbQWHVg%3D%3D&position=5&pageNum=0&trk=public_jobs_jserp-result_search-card,SD,30-09-2022_10:32:05
Software Engineer,Ford Motor Company,"Chennai, Tamil Nadu, India",14 hours ago,https://in.linkedin.com/jobs/view/software-engineer-at-ford-motor-company-3290766457?refId=aiAXNG4LkB0ZMhXvp7EIag%3D%3D&trackingId=5uwHQ6Bkw8gNkxbJBssiRg%3D%3D&position=6&pageNum=0&trk=public_jobs_jserp-result_search-card,SD,30-09-2022_10:32:05
Junior Software Engineer - Full-stack,ApplyBoard,"Gurgaon, Haryana, India",17 hours ago,https://in.linkedin.com/jobs/view/junior-software-engineer-full-stack-at-applyboard-2900756147?refId=aiAXNG4LkB0ZMhXvp7EIag%3D%3D&trackingId=wZDTreQS4bgu24XbDyNN%2Bw%3D%3D&position=7&pageNum=0&trk=public_jobs_jserp-result_search-card,SD,30-09-2022_10:32:05
Software Developer Fresher,BUFFERZERO BUSINESS SOLUTIONS PVT LTD,"Bengaluru, Karnataka, India",11 hours ago,https://in.linkedin.com/jobs/view/software-developer-fresher-at-bufferzero-business-solutions-pvt-ltd-3291319910?refId=aiAXNG4LkB0ZMhXvp7EIag%3D%3D&trackingId=9va%2B8L1sRrhxjz4KmvdbKw%3D%3D&position=8&pageNum=0&trk=public_jobs_jserp-result_search-card,SD,30-09-2022_10:32:05
Software Engineer,Skyhigh Security,"Bengaluru, Karnataka, India",16 hours ago,https://in.linkedin.com/jobs/view/software-engineer-at-skyhigh-security-3258152503?refId=aiAXNG4LkB0ZMhXvp7EIag%3D%3D&trackingId=xafmSzb%2Fr02YAp7ZQjJXZw%3D%3D&position=10&pageNum=0&trk=public_jobs_jserp-result_search-card,SD,30-09-2022_10:32:05
Junior Python Developer,Banyan Cloud,"Bengaluru, Karnataka, India",19 hours ago,https://in.linkedin.com/jobs/view/junior-python-developer-at-banyan-cloud-3280699896?refId=aiAXNG4LkB0ZMhXvp7EIag%3D%3D&trackingId=QFG6i8KELTb%2B73M%2FjQvHJg%3D%3D&position=11&pageNum=0&trk=public_jobs_jserp-result_search-card,SD,30-09-2022_10:32:05
Software Engineer,Avalara,"Chennai, Tamil Nadu, India",19 hours ago,https://in.linkedin.com/jobs/view/software-engineer-at-avalara-3257970832?refId=aiAXNG4LkB0ZMhXvp7EIag%3D%3D&trackingId=RS2PkMiCQm4iOqhV6ZtkZQ%3D%3D&position=12&pageNum=0&trk=public_jobs_jserp-result_search-card,SD,30-09-2022_10:32:05
Software Engineer 1,Juniper Networks,"Bengaluru, Karnataka, India",18 minutes ago,https://in.linkedin.com/jobs/view/software-engineer-1-at-juniper-networks-3291660863?refId=aiAXNG4LkB0ZMhXvp7EIag%3D%3D&trackingId=4N6NFQ0NFKC2CR5pSOYtMw%3D%3D&position=13&pageNum=0&trk=public_jobs_jserp-result_search-card,SD,30-09-2022_10:32:05
Software Engineer,Zuora,"Chennai, Tamil Nadu, India",19 hours ago,https://in.linkedin.com/jobs/view/software-engineer-at-zuora-3224190065?refId=aiAXNG4LkB0ZMhXvp7EIag%3D%3D&trackingId=FhWMq%2BgCOD8qgl4A%2B1v8rg%3D%3D&position=14&pageNum=0&trk=public_jobs_jserp-result_search-card,SD,30-09-2022_10:32:05
Software Development Engineer - II,Expedia Group,"Gurgaon, Haryana, India",23 hours ago,https://in.linkedin.com/jobs/view/software-development-engineer-ii-at-expedia-group-3293492327?refId=aiAXNG4LkB0ZMhXvp7EIag%3D%3D&trackingId=5NayIxNjuQ%2B%2FUpmurMxn8A%3D%3D&position=15&pageNum=0&trk=public_jobs_jserp-result_search-card,SD,30-09-2022_10:32:05
Staqu Technologies - Software Developer - Python/Django,Staqu Technologies,"Gurugram, Haryana, India",12 hours ago,https://in.linkedin.com/jobs/view/staqu-technologies-software-developer-python-django-at-staqu-technologies-3281784748?refId=aiAXNG4LkB0ZMhXvp7EIag%3D%3D&trackingId=CmgQgYCkjwFaiEzFnROPAw%3D%3D&position=16&pageNum=0&trk=public_jobs_jserp-result_search-card,SD,30-09-2022_10:32:05
"Jr, DevOp's Engineer",Banyan Cloud,"Bengaluru, Karnataka, India",12 hours ago,https://in.linkedin.com/jobs/view/jr-devop-s-engineer-at-banyan-cloud-3281791821?refId=aiAXNG4LkB0ZMhXvp7EIag%3D%3D&trackingId=Ppz88dmCiMW7Ul%2Bdszhf6g%3D%3D&position=17&pageNum=0&trk=public_jobs_jserp-result_search-card,SD,30-09-2022_10:32:05
Software Engineer,Walmart Global Tech India,"Bengaluru, Karnataka, India",10 hours ago,https://in.linkedin.com/jobs/view/software-engineer-at-walmart-global-tech-india-3294850465?refId=aiAXNG4LkB0ZMhXvp7EIag%3D%3D&trackingId=p95GUSqo2oT78f%2FdY21UVw%3D%3D&position=18&pageNum=0&trk=public_jobs_jserp-result_search-card,SD,30-09-2022_10:32:05
Java Developer,Varian,"Pune, Maharashtra, India",10 hours ago,https://in.linkedin.com/jobs/view/java-developer-at-varian-3171114630?refId=aiAXNG4LkB0ZMhXvp7EIag%3D%3D&trackingId=GfGeRfo64O9BdPatGq7o8Q%3D%3D&position=19&pageNum=0&trk=public_jobs_jserp-result_search-card,SD,30-09-2022_10:32:05
Software Developer,BLOCKnit,India,21 hours ago,https://in.linkedin.com/jobs/view/software-developer-at-blocknit-3280929491?refId=aiAXNG4LkB0ZMhXvp7EIag%3D%3D&trackingId=fdI%2BnRi8%2FMMRwfLlOwaHTg%3D%3D&position=20&pageNum=0&trk=public_jobs_jserp-result_search-card,SD,30-09-2022_10:32:05
Web Developer,Black Box,"Bengaluru, Karnataka, India",17 hours ago,https://in.linkedin.com/jobs/view/web-developer-at-black-box-3290708944?refId=aiAXNG4LkB0ZMhXvp7EIag%3D%3D&trackingId=q7VqPGMRdX%2BJyJC7N7U99Q%3D%3D&position=21&pageNum=0&trk=public_jobs_jserp-result_search-card,SD,30-09-2022_10:32:05
Backend Engineer,ThoughtSpot,"Thiruvananthapuram, Kerala, India",17 hours ago,https://in.linkedin.com/jobs/view/backend-engineer-at-thoughtspot-3187628374?refId=aiAXNG4LkB0ZMhXvp7EIag%3D%3D&trackingId=q0HvdUqYD9fs2PGskAzPHA%3D%3D&position=22&pageNum=0&trk=public_jobs_jserp-result_search-card,SD,30-09-2022_10:32:05
Python Developer(Fresher),Training  Basket,"Uttar Pradesh, India",12 hours ago,https://in.linkedin.com/jobs/view/python-developer-fresher-at-training-basket-3290795530?refId=aiAXNG4LkB0ZMhXvp7EIag%3D%3D&trackingId=Y2DMzpR9mW6rwAgjaCKv1A%3D%3D&position=23&pageNum=0&trk=public_jobs_jserp-result_search-card,SD,30-09-2022_10:32:05
Web Application Engineer,Emerson,"Pune, Maharashtra, India",19 hours ago,https://in.linkedin.com/jobs/view/web-application-engineer-at-emerson-3256907231?refId=aiAXNG4LkB0ZMhXvp7EIag%3D%3D&trackingId=M2%2BYUauBhTvhfXuiKBclNQ%3D%3D&position=24&pageNum=0&trk=public_jobs_jserp-result_search-card,SD,30-09-2022_10:32:05
"Associate, Software Engineer, SecDB",Goldman Sachs,"Hyderabad, Telangana, India",19 hours ago,https://in.linkedin.com/jobs/view/associate-software-engineer-secdb-at-goldman-sachs-2902413652?refId=5r3TPkDfGYYWN8l7xUrTLg%3D%3D&trackingId=cP0Rj%2BWgPKB%2BROHZNWlg0A%3D%3D&position=2&pageNum=0&trk=public_jobs_jserp-result_search-card,SD,30-09-2022_10:32:05
Back End Developer,Infosys,India,26 minutes ago,https://in.linkedin.com/jobs/view/back-end-developer-at-infosys-3295318946?refId=5r3TPkDfGYYWN8l7xUrTLg%3D%3D&trackingId=BjVEY9FVTDW8QfEsUB7m3Q%3D%3D&position=3&pageNum=0&trk=public_jobs_jserp-result_search-card,SD,30-09-2022_10:32:05
Software Engineer Trainee-2,Cyient,"Hyderabad, Telangana, India",23 hours ago,https://in.linkedin.com/jobs/view/software-engineer-trainee-2-at-cyient-3293495642?refId=5r3TPkDfGYYWN8l7xUrTLg%3D%3D&trackingId=3BfqqkGSJL3srDBfTfmrBQ%3D%3D&position=4&pageNum=0&trk=public_jobs_jserp-result_search-card,SD,30-09-2022_10:32:05
Client Technology-Front End Developer,EY,"Bengaluru, Karnataka, India",18 hours ago,https://in.linkedin.com/jobs/view/client-technology-front-end-developer-at-ey-3258668177?refId=5r3TPkDfGYYWN8l7xUrTLg%3D%3D&trackingId=ZNCElDy5PzV2FkKVGG230g%3D%3D&position=5&pageNum=0&trk=public_jobs_jserp-result_search-card,SD,30-09-2022_10:32:05
Software Engineer,Cognizant,"Chennai, Tamil Nadu, India",17 hours ago,https://in.linkedin.com/jobs/view/software-engineer-at-cognizant-3294251870?refId=5r3TPkDfGYYWN8l7xUrTLg%3D%3D&trackingId=kLcHzBM%2F%2FMPILbozO%2B%2BFCg%3D%3D&position=7&pageNum=0&trk=public_jobs_jserp-result_search-card,SD,30-09-2022_10:32:05
Client Technology-Front End Developer,EY,"Hyderabad, Telangana, India",15 hours ago,https://in.linkedin.com/jobs/view/client-technology-front-end-developer-at-ey-3258668176?refId=5r3TPkDfGYYWN8l7xUrTLg%3D%3D&trackingId=qaDxEnxzwGvsSDNBKdShJQ%3D%3D&position=10&pageNum=0&trk=public_jobs_jserp-result_search-card,SD,30-09-2022_10:32:05
Client Technology-Front End Developer,EY,"Pune, Maharashtra, India",18 hours ago,https://in.linkedin.com/jobs/view/client-technology-front-end-developer-at-ey-3258666522?refId=5r3TPkDfGYYWN8l7xUrTLg%3D%3D&trackingId=ABIar3AzW91lRzemA0WWvg%3D%3D&position=12&pageNum=0&trk=public_jobs_jserp-result_search-card,SD,30-09-2022_10:32:05
Associate Software Engineer,Atkins,"Bengaluru, Karnataka, India",2 hours ago,https://in.linkedin.com/jobs/view/associate-software-engineer-at-atkins-3279756838?refId=5r3TPkDfGYYWN8l7xUrTLg%3D%3D&trackingId=B5iNGjW%2FHbos%2Fl09lAUb2Q%3D%3D&position=13&pageNum=0&trk=public_jobs_jserp-result_search-card,SD,30-09-2022_10:32:05
Full Stack Engineer,HeyCoach,India,3 minutes ago,https://in.linkedin.com/jobs/view/full-stack-engineer-at-heycoach-3283315196?refId=5r3TPkDfGYYWN8l7xUrTLg%3D%3D&trackingId=fXJCxeckMyO8uL4KzdjnjQ%3D%3D&position=14&pageNum=0&trk=public_jobs_jserp-result_search-card,SD,30-09-2022_10:32:05
Software Engineer,Microsoft,"Bengaluru, Karnataka, India",13 hours ago,https://in.linkedin.com/jobs/view/software-engineer-at-microsoft-3290768848?refId=5r3TPkDfGYYWN8l7xUrTLg%3D%3D&trackingId=iZg9b6yTMc7flLwpI57yuw%3D%3D&position=15&pageNum=0&trk=public_jobs_jserp-result_search-card,SD,30-09-2022_10:32:05
Software Engineer - NativeDB,"Rubrik, Inc.","Bengaluru, Karnataka, India",17 hours ago,https://in.linkedin.com/jobs/view/software-engineer-nativedb-at-rubrik-inc-3294265481?refId=5r3TPkDfGYYWN8l7xUrTLg%3D%3D&trackingId=h3ahR%2FNNecFPm6WFMV2WOA%3D%3D&position=17&pageNum=0&trk=public_jobs_jserp-result_search-card,SD,30-09-2022_10:32:05
Software Engineer - Java,Societe Generale,"Bengaluru, Karnataka, India",10 hours ago,https://in.linkedin.com/jobs/view/software-engineer-java-at-societe-generale-3294840949?refId=5r3TPkDfGYYWN8l7xUrTLg%3D%3D&trackingId=pg7WO0W0f5MqmHAOPjpVuw%3D%3D&position=19&pageNum=0&trk=public_jobs_jserp-result_search-card,SD,30-09-2022_10:32:05
Java Developer,Tata Consultancy Services,"Bengaluru, Karnataka, India",20 hours ago,https://in.linkedin.com/jobs/view/java-developer-at-tata-consultancy-services-3281704789?refId=5r3TPkDfGYYWN8l7xUrTLg%3D%3D&trackingId=97GXj%2Fv%2B4hcFWSUWEPhBAw%3D%3D&position=20&pageNum=0&trk=public_jobs_jserp-result_search-card,SD,30-09-2022_10:32:05
Junior Software Developer,_VOIS,"Pune, Maharashtra, India",12 hours ago,https://in.linkedin.com/jobs/view/junior-software-developer-at-vois-3290793506?refId=5r3TPkDfGYYWN8l7xUrTLg%3D%3D&trackingId=0S%2F%2B63fvP4gsWNA4CaCfcg%3D%3D&position=22&pageNum=0&trk=public_jobs_jserp-result_search-card,SD,30-09-2022_10:32:05
Software Engineer 2,Microsoft,"Bengaluru, Karnataka, India",18 hours ago,https://in.linkedin.com/jobs/view/software-engineer-2-at-microsoft-3258276529?refId=5r3TPkDfGYYWN8l7xUrTLg%3D%3D&trackingId=HfFIoG8qiRwqvFfqEJ42yw%3D%3D&position=23&pageNum=0&trk=public_jobs_jserp-result_search-card,SD,30-09-2022_10:32:05
Python Fullstack Developer,Persistent Systems,"Pune, Maharashtra, India",16 hours ago,https://in.linkedin.com/jobs/view/python-fullstack-developer-at-persistent-systems-3290728869?refId=Jba%2FAZ31u2n8ci3CzFL7VQ%3D%3D&trackingId=EsWesvSyZMpZQpjN8Ir8Aw%3D%3D&position=18&pageNum=0&trk=public_jobs_jserp-result_search-card,SD,30-09-2022_10:32:05
Software Engineer - Python,Bristlecone,"Mumbai, Maharashtra, India",11 hours ago,https://in.linkedin.com/jobs/view/software-engineer-python-at-bristlecone-3291323624?refId=Jba%2FAZ31u2n8ci3CzFL7VQ%3D%3D&trackingId=7OJ2aXvZUDQg635tiKRChA%3D%3D&position=19&pageNum=0&trk=public_jobs_jserp-result_search-card,SD,30-09-2022_10:32:05
Software Engineer,FactSet,"Hyderabad, Telangana, India",19 hours ago,https://in.linkedin.com/jobs/view/software-engineer-at-factset-3293974417?refId=Jba%2FAZ31u2n8ci3CzFL7VQ%3D%3D&trackingId=kASXa8gmB%2BYPCFNxwzaT8g%3D%3D&position=20&pageNum=0&trk=public_jobs_jserp-result_search-card,SD,30-09-2022_10:32:05
"Associate, Software Engineer, Risk Engineering",Goldman Sachs,"Bengaluru, Karnataka, India",18 hours ago,https://in.linkedin.com/jobs/view/associate-software-engineer-risk-engineering-at-goldman-sachs-2972337139?refId=Jba%2FAZ31u2n8ci3CzFL7VQ%3D%3D&trackingId=CuQ0KZYFdh05%2FCQd5hEovw%3D%3D&position=21&pageNum=0&trk=public_jobs_jserp-result_search-card,SD,30-09-2022_10:32:05
Java Developer,Infosys,"Trivandrum, Kerala, India",23 hours ago,https://in.linkedin.com/jobs/view/java-developer-at-infosys-3293480727?refId=Jba%2FAZ31u2n8ci3CzFL7VQ%3D%3D&trackingId=w%2FCd7Z8Vjjaoa%2FfsPQX9Uw%3D%3D&position=22&pageNum=0&trk=public_jobs_jserp-result_search-card,SD,30-09-2022_10:32:05
Software Developer - Ignite,McKinsey & Company,"Chennai, Tamil Nadu, India",19 hours ago,https://in.linkedin.com/jobs/view/software-developer-ignite-at-mckinsey-company-3223977538?refId=Jba%2FAZ31u2n8ci3CzFL7VQ%3D%3D&trackingId=WBvwgBAZbhfb23Rwb03GUQ%3D%3D&position=23&pageNum=0&trk=public_jobs_jserp-result_search-card,SD,30-09-2022_10:32:05
